#
0.005 2.38917986913762e-09 1.60201314801005e-09 -0.0126025883093401
0.01 9.13820558518153e-09 8.18305967704961e-09 -0.0199693635340746
0.015 2.51570752121142e-08 2.53578022149611e-08 -0.0265942070119703
0.02 1.76558371004003e-08 1.70063978294903e-08 -0.0331034335361634
0.025 5.8916502893265e-09 1.34876683283716e-08 -0.0377225385243266
0.03 -9.03686774198356e-09 3.16665592596221e-08 -0.0425633487203735
0.035 -3.21824318203281e-08 4.28093603094769e-08 -0.0460559629543967
0.04 -4.46248936926833e-08 5.95061220760782e-08 -0.0477293974802904
0.045 -5.63623843239022e-08 7.44255981349886e-08 -0.0499785410205838
0.05 -6.19963318069307e-08 6.32990308633837e-08 -0.0518884586209299
0.055 -5.04341324983231e-08 2.57501692038728e-08 -0.0530029347298306
0.06 -6.54484840490112e-08 5.22959551927332e-08 -0.0530457233130698
0.065 -7.11049453738674e-08 5.53259935371023e-08 -0.0534258337323207
0.07 -8.61084972490253e-08 6.67111567616148e-08 -0.054517512411029
0.075 -5.29355796034683e-08 1.34526984824425e-08 -0.055160848439646
0.08 -1.48294095587565e-09 -5.30914625873585e-08 -0.0557215256043426
0.085 -3.72696590551271e-08 -1.47325950908923e-08 -0.0550883044861553
0.09 -4.36528450085526e-08 -1.08302091476242e-08 -0.0548776893645523
0.095 -7.23001743367719e-08 1.18639618016109e-08 -0.0550070939589575
0.1 -5.04660201422317e-08 -9.09388842127568e-09 -0.0558872480184059
0.105 -3.87821560776226e-08 -1.77677587318788e-08 -0.0560249415033743
0.11 1.88836224985817e-08 -5.39705603038223e-08 -0.0564198687400831
0.115 -1.36008977212875e-08 -2.92734925951552e-08 -0.0556852390211996
0.12 -3.22705451168505e-08 -1.38833798921299e-08 -0.0553957123121326
0.125 -4.17356017573161e-08 -4.06297093229857e-09 -0.0553854772806829
0.13 5.22948733592701e-08 -4.54794965980289e-08 -0.0561071218762624
0.135 2.51504623156538e-08 -2.94394224494184e-08 -0.056442298296042
0.14 5.69553364638046e-08 -4.06053280133286e-08 -0.0570139388401512
0.145 6.0933773872994e-08 -3.88317911255924e-08 -0.056204438474073
0.15 2.66166672271146e-08 -2.27343639739423e-08 -0.055742878078932
0.155 2.87626806708853e-08 -2.27638937170227e-08 -0.0555867520627469
0.16 1.20515223579078e-08 -1.9048167760146e-08 -0.0560425297869668
0.165 8.53855036499879e-08 -4.66605146366459e-08 -0.0565592006441636
0.17 6.6385667871085e-08 -4.37253816536285e-08 -0.056797534499469
0.175 8.92187438714533e-08 -5.26680476797846e-08 -0.0566191041964171
0.18 6.81521922511704e-08 -5.26111626620426e-08 -0.0560163836867194
0.185 5.55027911087769e-08 -5.28554234776066e-08 -0.0558037216102549
0.19 4.25825366593721e-08 -5.41439820311291e-08 -0.0559063464805777
0.195 4.49256251266844e-08 -5.42543684571233e-08 -0.0566302189081945
0.2 4.42403516150175e-08 -5.04847430471207e-08 -0.0566911817461673
0.205 4.54422635016657e-08 -2.47313987478631e-08 -0.0570535029912749
0.21 3.21569976069198e-08 -3.23007308840582e-08 -0.0563007637773364
0.215 2.41434810344119e-08 -3.65040362483549e-08 -0.0559856947522837
0.22 1.79678437193011e-08 -5.07704057875854e-08 -0.0558134855433447
0.225 1.22952893551174e-08 -6.16419817805063e-08 -0.0563186359969467
0.23 2.63651206394458e-09 -7.22351212279885e-09 -0.0567411330331022
0.235 -2.00555406366981e-09 -1.73401800699923e-08 -0.0569876967532493
0.24 -8.80662320059004e-09 1.27209502424593e-08 -0.0567589297437974
0.245 -1.32494495564874e-08 1.11885743626595e-08 -0.0561483881276011
0.25 -1.74294014185219e-08 1.95477808574492e-09 -0.0559419572923006
0.255 -2.10543173279458e-08 -1.18584032238563e-08 -0.0560365653014128
0.26 -2.38154557975277e-08 1.74258891223204e-09 -0.0567601702894642
0.265 -2.3984866665221e-08 1.53851204542192e-08 -0.0568256600530564
0.27 -2.33118790494228e-08 2.46359268540112e-08 -0.0572664580139199
0.275 -1.88388088267634e-08 3.91582701704811e-08 -0.0564811093607258
0.28 -2.16903209104119e-08 2.99408144052405e-08 -0.0561319721944424
0.285 -2.4723386480791e-08 2.22331823124691e-08 -0.0559263341568381
0.29 -3.1410157994922e-08 1.4385023730974e-08 -0.0563536677653633
0.295 -4.29237118043186e-09 5.51431431555285e-08 -0.0568801182943079
0.3 -2.13924749570324e-08 3.30240703417426e-08 -0.0571159810294419
