#
0.0005 0.00499999999999645  0.00500000000000363  0.0349996871428341
0.001 0.00499999999999055  0.00500000000000908  0.0349991788580311
0.0015 0.00499999999998367  0.00500000000001383  0.0349984661883442
0.002 0.00499999999997703  0.00500000000001737  0.0349975443773251
0.0025 0.00499999999997129  0.00500000000001963  0.0349964107685762
0.003 0.00499999999996586  0.00500000000002268  0.0349950637251431
0.0035 0.00499999999996094  0.00500000000002554  0.0349935022244501
0.004 0.00499999999995441  0.0050000000000278  0.0349917256386599
0.0045 0.00499999999994764  0.00500000000002917  0.0349897335942377
0.005 0.00499999999994051  0.00500000000002921  0.0349875258762074
0.0055 0.00499999999993235  0.00500000000002755  0.0349851023607741
0.006 0.00499999999992302  0.00500000000002401  0.034982462966753
0.0065 0.00499999999991339  0.00500000000001972  0.0349796076193702
0.007 0.00499999999990309  0.00500000000001395  0.0349765362222289
0.0075 0.00499999999989226  0.00500000000000714  0.0349732486343967
0.008 0.00499999999988152  0.00499999999999974  0.0349697446505466
0.0085 0.0049999999998736  0.0049999999999941  0.0349660239826729
0.009 0.00499999999986637  0.00499999999998911  0.0349620862422973
0.0095 0.00499999999986049  0.0049999999999853  0.0349579309224151
0.01 0.00499999999985631  0.00499999999998359  0.0349535573784523
0.0105 0.00499999999985383  0.00499999999998348  0.0349489648077622
0.011 0.00499999999985345  0.00499999999998374  0.0349441522270981
0.0115 0.00499999999985198  0.00499999999998591  0.0349391184474827
0.012 0.00499999999985092  0.00499999999998906  0.0349338620458422
0.0125 0.00499999999984954  0.00499999999999319  0.0349283813326768
0.013 0.0049999999998443  0.00499999999999942  0.0349226743178114
0.0135 0.00499999999983853  0.00500000000000623  0.0349167386675571
0.014 0.00499999999983004  0.00500000000001411  0.0349105716514975
0.0145 0.0049999999998227  0.00500000000002252  0.0349041700773271
0.015 0.00499999999981191  0.0050000000000316  0.0348975302080698
0.0155 0.00499999999979983  0.00500000000003853  0.0348906476583582
0.016 0.00499999999979142  0.00500000000004229  0.0348835003694131
0.0165 0.00499999999978221  0.0050000000000465  0.0348760585587515
0.017 0.00499999999977063  0.00500000000005128  0.0348683258451039
0.0175 0.00499999999975909  0.0050000000000527  0.0348603028149094
0.018 0.0049999999997519  0.00500000000005203  0.0348519887129181
0.0185 0.00499999999974556  0.00500000000005042  0.0348433817635461
0.019 0.00499999999974295  0.00500000000004949  0.0348344793054442
0.0195 0.004999999999743  0.00500000000004947  0.0348252783128708
0.02 0.00499999999974395  0.00500000000005205  0.0348157756933284
0.0205 0.00499999999974843  0.0050000000000554  0.0348059670040571
0.021 0.00499999999975099  0.00500000000006069  0.0347958465844142
0.0215 0.00499999999975189  0.00500000000006734  0.0347854074534717
0.022 0.0049999999997527  0.00500000000007516  0.0347746411500807
0.0225 0.00499999999975157  0.00500000000008406  0.0347635374874216
0.023 0.00499999999974898  0.00500000000009388  0.0347520841657148
0.0235 0.00499999999974567  0.00500000000010432  0.0347402661049369
0.024 0.00499999999974195  0.00500000000011491  0.0347280642806511
0.0245 0.00499999999974166  0.0050000000001257  0.0347154351749144
0.025 0.00499999999974068  0.00500000000013801  0.0347023553358776
0.0255 0.00499999999973797  0.00500000000014995  0.034688818056077
0.026 0.00499999999973484  0.00500000000016269  0.0346748118478446
0.0265 0.00499999999973207  0.00500000000017683  0.0346603282098943
0.027 0.00499999999972962  0.00500000000019155  0.0346453934332795
0.0275 0.00499999999972701  0.00500000000020668  0.0346300129132498
0.028 0.00499999999972001  0.0050000000002201  0.0346142080330947
0.0285 0.0049999999997098  0.00500000000023653  0.0345979947190109
0.029 0.00499999999970058  0.00500000000025627  0.0345814155890994
0.0295 0.0049999999996919  0.00500000000027937  0.0345645257448269
0.03 0.00499999999967751  0.00500000000030373  0.0345473526539683
0.0305 0.00499999999965926  0.00500000000032973  0.0345299210410126
0.031 0.0049999999996327  0.00500000000035636  0.0345122518058316
0.0315 0.00499999999960402  0.00500000000038471  0.0344943620136472
0.032 0.00499999999957267  0.0050000000004154  0.0344762674070111
0.0325 0.00499999999953345  0.00500000000045004  0.0344579812522423
0.033 0.00499999999949643  0.00500000000048538  0.0344395120160613
0.0335 0.00499999999946612  0.00500000000052237  0.0344209099849931
0.034 0.00499999999944183  0.00500000000056312  0.0344022083687012
0.0345 0.0049999999994159  0.0050000000005997  0.0343834181906365
0.035 0.00499999999938155  0.00500000000064098  0.0343645433697922
0.0355 0.00499999999935094  0.00500000000068138  0.034345582391078
0.036 0.00499999999932181  0.00500000000072056  0.034326529527703
0.0365 0.00499999999928906  0.00500000000076246  0.034307375760642
0.037 0.00499999999925767  0.00500000000080233  0.0342881094430896
0.0375 0.00499999999923337  0.0050000000008365  0.0342687166993539
0.038 0.00499999999920953  0.00500000000086875  0.0342491815302274
0.0385 0.00499999999919042  0.00500000000089666  0.0342294855699025
0.039 0.00499999999916642  0.00500000000092423  0.0342095965838022
0.0395 0.00499999999914708  0.00500000000095353  0.034189463942816
0.04 0.0049999999991258  0.00500000000098877  0.0341690834896601
0.0405 0.00499999999911418  0.0050000000010222  0.0341484467409397
0.041 0.00499999999911108  0.00500000000105917  0.0341275456029786
0.0415 0.00499999999911309  0.00500000000109602  0.0341063649201443
0.042 0.00499999999912275  0.00500000000114212  0.0340848830744949
0.0425 0.00499999999914318  0.00500000000120005  0.0340630708473072
0.043 0.00499999999915955  0.00500000000126069  0.0340408778704523
0.0435 0.00499999999917445  0.00500000000132245  0.0340182480557671
0.044 0.00499999999917447  0.00500000000137978  0.0339951525616694
0.0445 0.00499999999917103  0.00500000000143493  0.0339716521662683
0.045 0.00499999999916783  0.00500000000149404  0.0339477443729121
0.0455 0.00499999999915983  0.00500000000155409  0.0339234652091322
0.046 0.00499999999914886  0.00500000000162473  0.033898886993792
0.0465 0.00499999999913327  0.00500000000170576  0.0338740663577362
0.047 0.00499999999911266  0.00500000000178586  0.0338490408548231
0.0475 0.00499999999908826  0.00500000000186733  0.0338238403029885
0.048 0.00499999999904594  0.00500000000195534  0.0337984923426627
0.0485 0.00499999999899964  0.00500000000204391  0.0337730185683898
0.049 0.00499999999895862  0.00500000000213077  0.0337474756858493
0.0495 0.00499999999892121  0.00500000000224152  0.0337219222877964
0.05 0.00499999999887317  0.00500000000233202  0.0336963736530928
0.0505 0.00499999999880825  0.00500000000243053  0.0336708296103571
0.051 0.00499999999875026  0.00500000000252446  0.0336452780266379
0.0515 0.00499999999868487  0.00500000000263059  0.0336196984286674
0.052 0.00499999999862518  0.00500000000272657  0.0335940645180213
0.0525 0.00499999999856683  0.00500000000281697  0.0335683455680585
0.053 0.00499999999850532  0.00500000000290636  0.0335424987036936
0.0535 0.0049999999984543  0.00500000000299082  0.0335164537897835
0.054 0.00499999999841469  0.0050000000030959  0.0334901971750487
0.0545 0.00499999999838912  0.0050000000032293  0.0334637148302047
0.055 0.00499999999837109  0.00500000000333968  0.0334369870461256
0.0555 0.00499999999834557  0.00500000000343963  0.0334099834200164
0.056 0.0049999999983101  0.00500000000353376  0.0333826638722067
0.0565 0.00499999999827497  0.00500000000362012  0.0333549402237215
0.057 0.00499999999826075  0.00500000000371924  0.0333267650641191
0.0575 0.00499999999823805  0.00500000000382664  0.0332982137848106
0.058 0.00499999999821565  0.00500000000394109  0.0332692892804027
0.0585 0.0049999999981815  0.0050000000040584  0.0332400403834219
0.059 0.00499999999814645  0.0050000000041874  0.0332105652957157
0.0595 0.00499999999809801  0.00500000000431271  0.0331809120067407
0.06 0.00499999999803052  0.00500000000444226  0.0331511182020069
0.0605 0.00499999999795125  0.00500000000459433  0.0331212197587764
0.061 0.00499999999787187  0.00500000000475192  0.0330912544171161
0.0615 0.00499999999779788  0.0050000000049144  0.0330613130719437
0.062 0.004999999997715  0.00500000000510925  0.0330314347082224
0.0625 0.00499999999762821  0.00500000000530196  0.0330016260332893
0.063 0.00499999999752249  0.00500000000551636  0.0329718726160101
0.0635 0.00499999999741441  0.00500000000574083  0.0329421459359187
0.064 0.00499999999730596  0.00500000000596104  0.0329124081875962
0.0645 0.00499999999719611  0.0050000000061811  0.0328826143076244
0.065 0.00499999999709612  0.00500000000639227  0.0328526760752577
0.0655 0.00499999999701149  0.00500000000660416  0.0328225615338502
0.066 0.00499999999693923  0.00500000000682493  0.0327922503363355
0.0665 0.00499999999685775  0.00500000000706364  0.0327617147831024
0.067 0.00499999999677085  0.00500000000729767  0.0327309138383441
0.0675 0.00499999999668881  0.00500000000751261  0.0326997807860711
0.068 0.00499999999660972  0.00500000000771063  0.0326682286536287
0.0685 0.00499999999652669  0.00500000000791915  0.0326362646532431
0.069 0.00499999999643546  0.00500000000814149  0.0326039598050918
0.0695 0.00499999999633751  0.0050000000083855  0.0325713469172732
0.07 0.00499999999622298  0.00500000000864161  0.0325385321564966
0.0705 0.00499999999609782  0.00500000000889232  0.0325055691362771
0.071 0.00499999999596024  0.00500000000913509  0.0324725001499136
0.0715 0.00499999999579842  0.00500000000938857  0.0324393662167269
0.072 0.00499999999564541  0.00500000000964345  0.0324062440471592
0.0725 0.00499999999548709  0.00500000000993318  0.0323732183293955
0.073 0.00499999999529556  0.00500000001021693  0.0323403105910411
0.0735 0.00499999999508044  0.00500000001051206  0.0323075112033127
0.074 0.00499999999487621  0.00500000001080969  0.032274788842802
0.0745 0.00499999999465835  0.00500000001114921  0.0322420984920724
0.075 0.00499999999444764  0.00500000001151008  0.0322093807505631
0.0755 0.00499999999423985  0.00500000001184291  0.0321765380404004
0.076 0.00499999999406003  0.00500000001218325  0.0321435396190085
0.0765 0.00499999999389247  0.0050000000125347  0.0321103583366531
0.077 0.00499999999370304  0.00500000001289683  0.0320769532615703
0.0775 0.0049999999935157  0.00500000001326188  0.032043269352788
0.078 0.00499999999333359  0.00500000001359823  0.0320091966935723
0.0785 0.00499999999314726  0.00500000001392303  0.0319747101312197
0.079 0.00499999999293897  0.0050000000142722  0.0319398914360418
0.0795 0.00499999999273645  0.00500000001465729  0.0319047748228082
0.08 0.00499999999252345  0.00500000001507888  0.0318694692424615
0.0805 0.00499999999227217  0.00500000001552881  0.0318340368086909
0.081 0.00499999999197035  0.00500000001599075  0.0317985241896238
0.0815 0.00499999999164963  0.005000000016463  0.0317629798938699
0.082 0.00499999999135239  0.00500000001694197  0.0317275107637278
0.0825 0.00499999999104243  0.00500000001745126  0.0316921842133411
0.083 0.00499999999072387  0.00500000001797404  0.031657013976406
0.0835 0.00499999999039733  0.00500000001852065  0.0316219782372088
0.084 0.00499999999007707  0.00500000001908472  0.0315870329790054
0.0845 0.0049999999897581  0.00500000001959786  0.03155212018311
0.085 0.00499999998943703  0.00500000002010913  0.0315171368159609
0.0855 0.00499999998912287  0.00500000002063304  0.03148202627292
0.086 0.00499999998882443  0.00500000002116729  0.0314467586942689
0.0865 0.00499999998848576  0.00500000002169352  0.031411289223104
0.087 0.00499999998815266  0.00500000002223444  0.0313755578732683
0.0875 0.00499999998783533  0.00500000002276135  0.0313394455705263
0.088 0.00499999998750666  0.00500000002327135  0.031302930184048
0.0885 0.0049999999871502  0.00500000002382499  0.0312660964366193
0.089 0.004999999986773  0.00500000002441392  0.03122899213383
0.0895 0.00499999998636936  0.00500000002505546  0.0311917344324676
0.09 0.00499999998593162  0.00500000002570704  0.031154378311262
0.0905 0.00499999998546206  0.0050000000263999  0.031116975062867
0.091 0.00499999998498047  0.00500000002709242  0.0310795929392039
0.0915 0.00499999998450295  0.00500000002781969  0.0310423517417039
0.092 0.00499999998398386  0.00500000002856858  0.0310052946481994
0.0925 0.00499999998343548  0.00500000002933822  0.0309684155376075
0.093 0.00499999998289085  0.00500000003014467  0.0309316757785395
0.0935 0.00499999998234439  0.00500000003098434  0.030895016907064
0.094 0.00499999998180707  0.005000000031829  0.0308583458921295
0.0945 0.00499999998129012  0.00500000003264857  0.0308215731976915
0.095 0.00499999998077038  0.00500000003346908  0.0307846660096737
0.0955 0.00499999998020934  0.00500000003429034  0.0307475774685568
0.096 0.00499999997965931  0.00500000003509612  0.0307102467104589
0.0965 0.00499999997913178  0.00500000003589669  0.0306725461684192
0.097 0.00499999997859624  0.00500000003667086  0.0306344488598674
0.0975 0.00499999997801766  0.0050000000375213  0.0305960498929852
0.098 0.00499999997740817  0.0050000000384171  0.0305573953013174
0.0985 0.00499999997673929  0.00500000003939248  0.030518609679187
0.099 0.00499999997602496  0.00500000004039442  0.0304797454012673
0.0995 0.00499999997533032  0.00500000004142904  0.0304408573753688
0.1 0.00499999997463321  0.00500000004248452  0.03040203427606
0.1005 0.00499999997391177  0.00500000004359796  0.0303633938759213
0.101 0.00499999997312444  0.00500000004471955  0.0303249654740996
0.1015 0.00499999997228759  0.00500000004587131  0.0302867302420254
0.102 0.00499999997145133  0.00500000004705651  0.0302486381569746
0.1025 0.00499999997061858  0.00500000004828315  0.0302106186009419
0.103 0.00499999996980714  0.00500000004947221  0.0301725471584726
0.1035 0.00499999996901548  0.00500000005066904  0.0301343761084932
0.104 0.00499999996817582  0.00500000005187012  0.0300960616461193
0.1045 0.00499999996732031  0.00500000005305687  0.0300575413976901
0.105 0.00499999996651204  0.00500000005420952  0.0300187180764212
0.1055 0.00499999996568991  0.00500000005534788  0.0299794839566112
0.106 0.00499999996483013  0.00500000005654003  0.0299399368455919
0.1065 0.00499999996390496  0.00500000005782319  0.0299001169672672
0.107 0.00499999996291485  0.0050000000591989  0.0298601471588446
0.1075 0.004999999961854  0.00500000006061551  0.0298200958914547
0.108 0.00499999996075339  0.00500000006206043  0.0297800203487683
0.1085 0.00499999995966662  0.00500000006350724  0.0297400041250042
0.109 0.00499999995853113  0.00500000006505224  0.0297001774115699
0.1095 0.00499999995732817  0.00500000006662162  0.0296605799521212
0.11 0.00499999995609091  0.00500000006822266  0.0296211968578297
0.1105 0.00499999995480479  0.00500000006987186  0.0295819774626099
0.111 0.0049999999535401  0.00500000007154972  0.0295428479755019
0.1115 0.00499999995229156  0.00500000007318898  0.0295036790456252
0.112 0.00499999995107236  0.00500000007484224  0.0294644200279011
0.1125 0.00499999994981672  0.00500000007652779  0.0294250225359587
0.113 0.00499999994855834  0.00500000007821697  0.0293854251288344
0.1135 0.00499999994734178  0.00500000007988507  0.0293454964556665
0.114 0.00499999994612501  0.00500000008152239  0.0293051715824088
0.1145 0.00499999994481997  0.00500000008327569  0.0292645528749508
0.115 0.00499999994343105  0.00500000008515228  0.0292236886389014
0.1155 0.00499999994191943  0.00500000008718144  0.0291827081710288
0.116 0.00499999994034024  0.00500000008926413  0.0291416683892635
0.1165 0.00499999993877042  0.00500000009136885  0.0291006287207041
0.117 0.00499999993718544  0.00500000009352495  0.0290597081212719
0.1175 0.0049999999355111  0.00500000009578684  0.0290190120377205
0.118 0.00499999993375489  0.00500000009806293  0.0289785626104806
0.1185 0.00499999993193641  0.00500000010039769  0.0289383291991763
0.119 0.00499999993006077  0.0050000001027934  0.0288982492844077
0.1195 0.00499999992821974  0.00500000010518727  0.0288582234700432
0.12 0.00499999992642092  0.00500000010755398  0.0288181402937171
0.1205 0.00499999992461813  0.0050000001099492  0.0287779571578271
0.121 0.00499999992276093  0.00500000011238323  0.0287376125399429
0.1215 0.00499999992095859  0.00500000011479099  0.0286970211704426
0.122 0.00499999991916132  0.00500000011717771  0.0286560321476326
0.1225 0.00499999991733055  0.0050000001195796  0.0286147305523822
0.123 0.00499999991535036  0.00500000012219821  0.0285731501029378
0.1235 0.00499999991318014  0.00500000012506481  0.0285314149415492
0.124 0.00499999991090234  0.00500000012805116  0.0284896033031
0.1245 0.00499999990862854  0.0050000001311036  0.0284477760559647
0.125 0.00499999990635631  0.00500000013416901  0.0284060232298137
0.1255 0.00499999990394536  0.00500000013738235  0.0283644834116635
0.126 0.00499999990143643  0.00500000014065926  0.0283232007995938
0.1265 0.00499999989884494  0.00500000014399488  0.0282821582551798
0.127 0.00499999989617697  0.00500000014740831  0.0282412991324874
0.1275 0.00499999989351476  0.00500000015084417  0.0282005343313527
0.128 0.00499999989092945  0.00500000015423419  0.0281597353314933
0.1285 0.00499999988836226  0.0050000001576691  0.028118853217961
0.129 0.00499999988571754  0.00500000016115605  0.0280778284285998
0.1295 0.00499999988308982  0.00500000016461191  0.0280365817344752
0.13 0.00499999988048153  0.00500000016810926  0.0279949679952956
0.1305 0.00499999987790655  0.00500000017152784  0.027952997738621
0.131 0.00499999987509967  0.00500000017525169  0.0279107617464723
0.1315 0.00499999987203494  0.00500000017931594  0.0278683597238516
0.132 0.00499999986882862  0.00500000018359286  0.0278258814561535
0.1325 0.00499999986560293  0.00500000018794606  0.0277833888478972
0.133 0.00499999986237504  0.0050000001923198  0.0277409677191455
0.1335 0.00499999985896935  0.00500000019689104  0.0276987648251875
0.134 0.00499999985543391  0.00500000020155883  0.0276568313250912
0.1345 0.00499999985181166  0.00500000020629166  0.0276151514291248
0.135 0.00499999984814206  0.00500000021111635  0.0275736674588853
0.1355 0.00499999984442512  0.00500000021600009  0.0275322879435606
0.136 0.0049999998407756  0.00500000022083707  0.0274908819899438
0.1365 0.004999999837109  0.0050000002257445  0.0274493995374873
0.137 0.0049999998333382  0.00500000023071626  0.0274077768969128
0.1375 0.00499999982962858  0.0050000002356324  0.0273659288093841
0.138 0.0049999998259131  0.00500000024063101  0.0273236973268676
0.1385 0.00499999982222849  0.00500000024557252  0.0272811469322857
0.139 0.00499999981822293  0.00500000025095722  0.0272383260440008
0.1395 0.00499999981385401  0.00500000025683843  0.0271953610627606
0.14 0.00499999980928669  0.00500000026292409  0.0271523314325932
0.1405 0.00499999980468626  0.00500000026906929  0.027109300823219
0.141 0.00499999980004538  0.00500000027527307  0.0270663728825844
0.1415 0.0049999997951489  0.00500000028182333  0.0270236853010255
0.142 0.0049999997901098  0.00500000028847369  0.0269812749009986
0.1425 0.00499999978496269  0.00500000029521075  0.0269391156115699
0.143 0.00499999977969113  0.00500000030207944  0.0268971422756361
0.1435 0.00499999977443624  0.00500000030894939  0.0268552433832821
0.144 0.00499999976921742  0.00500000031584048  0.0268133066707977
0.1445 0.00499999976397119  0.00500000032284258  0.0267712826011757
0.145 0.00499999975858122  0.0050000003299729  0.0267290998519401
0.1455 0.00499999975334361  0.00500000033693327  0.0266866536434415
0.146 0.00499999974811517  0.00500000034393836  0.0266438113877468
0.1465 0.0049999997426589  0.00500000035124177  0.0266006822123153
0.147 0.0049999997367886  0.00500000035912138  0.0265573110013242
0.1475 0.00499999973047648  0.00500000036763292  0.0265138354445585
0.148 0.00499999972399911  0.00500000037632835  0.0264703205423331
0.1485 0.00499999971755375  0.00500000038501063  0.0264268358185006
0.149 0.00499999971084649  0.00500000039401461  0.0263835241787488
0.1495 0.00499999970386748  0.00500000040334848  0.0263404830539232
0.15 0.00499999969675787  0.00500000041277113  0.0262977246746415
0.1505 0.00499999968955132  0.00500000042230247  0.0262552048447731
0.151 0.00499999968221678  0.00500000043201958  0.0262128462428851
0.1515 0.00499999967500223  0.0050000004416073  0.0261705082992153
0.152 0.00499999966772023  0.0050000004513537  0.0261281206946708
0.1525 0.00499999966031298  0.00500000046122825  0.0260856237822362
0.153 0.00499999965289198  0.0050000004710859  0.0260429400535533
0.1535 0.00499999964547251  0.00500000048103851  0.0259999115803922
0.154 0.00499999963816711  0.00500000049086149  0.0259565256946644
0.1545 0.00499999963026557  0.00500000050147003  0.0259128721366435
0.155 0.00499999962157416  0.00500000051320078  0.0258690545260753
0.1555 0.00499999961251268  0.0050000005253843  0.0258251672382827
0.156 0.00499999960335611  0.00500000053768105  0.0257812747455141
0.1565 0.00499999959417385  0.00500000055002402  0.0257374745849578
0.157 0.00499999958447956  0.00500000056303325  0.0256939162895158
0.1575 0.00499999957453961  0.00500000057628004  0.0256506472871079
0.158 0.00499999956446711  0.00500000058965789  0.0256076461421655
0.1585 0.00499999955422978  0.00500000060324259  0.0255648480129095
0.159 0.00499999954400542  0.00500000061682304  0.0255221390966324
0.1595 0.00499999953380209  0.00500000063045334  0.0254794032053001
0.16 0.00499999952348377  0.00500000064429678  0.0254365877685837
0.1605 0.00499999951286808  0.00500000065841915  0.0253936176862444
0.161 0.00499999950262937  0.00500000067210686  0.0253503809843565
0.1615 0.00499999949236178  0.00500000068591832  0.0253067563548913
0.162 0.00499999948147556  0.005000000700547  0.0252628465555153
0.1625 0.00499999946976406  0.00500000071631501  0.0252187093823421
0.163 0.0049999994571684  0.00500000073331011  0.0251744858395578
0.1635 0.00499999944432477  0.0050000007506456  0.0251302361515057
0.164 0.00499999943154476  0.00500000076792923  0.0250860347292801
0.1645 0.00499999941816525  0.00500000078594384  0.0250420374051805
0.165 0.00499999940430026  0.00500000080452292  0.0249983294316773
0.1655 0.00499999939020929  0.00500000082333259  0.0249549108340016
0.166 0.00499999937591143  0.00500000084242192  0.0249117281581208
0.1665 0.0049999993614317  0.00500000086183394  0.0248686913434951
0.167 0.00499999934708894  0.00500000088108603  0.0248256580574038
0.1675 0.00499999933257662  0.00500000090065143  0.0247825695151186
0.168 0.00499999931776422  0.00500000092053707  0.0247393560639513
0.1685 0.00499999930311436  0.00500000094021099  0.0246959219936024
0.169 0.00499999928838283  0.00500000096008963  0.024652097750092
0.1695 0.00499999927351238  0.00500000098016843  0.0246079872650474
0.17 0.00499999925727642  0.00500000100206812  0.0245636189867591
0.1705 0.00499999923964955  0.00500000102585695  0.0245191319251341
0.171 0.00499999922149925  0.0050000010503233  0.0244746020015701
0.1715 0.0049999992033412  0.00500000107479589  0.02443009695481
0.172 0.00499999918455886  0.00500000110004561  0.0243857617917685
0.1725 0.00499999916493147  0.00500000112634916  0.0243417046718119
0.173 0.00499999914496761  0.00500000115302748  0.0242979439458909
0.1735 0.00499999912473022  0.00500000118004604  0.0242544358689456
0.174 0.00499999910407545  0.00500000120761332  0.0242111006207271
0.1745 0.00499999908375923  0.00500000123482032  0.0241677931526358
0.175 0.00499999906318486  0.00500000126243575  0.0241244410943126
0.1755 0.0049999990422797  0.00500000129049168  0.0240809801312468
0.176 0.00499999902140641  0.00500000131847102  0.0240373238421163
0.1765 0.00499999900042815  0.0050000013466585  0.0239933026963598
0.177 0.00499999897960415  0.00500000137462635  0.0239489595629773
0.1775 0.00499999895681311  0.00500000140522565  0.0239043534038093
0.178 0.00499999893180078  0.00500000143885633  0.0238596138585335
0.1785 0.00499999890594229  0.00500000147360502  0.0238148240068833
0.179 0.00499999887994605  0.00500000150857734  0.0237700520313484
0.1795 0.0049999988536252  0.00500000154396758  0.0237254195536399
0.18 0.00499999882593158  0.00500000158111476  0.0236810654551264
0.1805 0.00499999879769825  0.00500000161890132  0.0236370167293457
0.181 0.00499999876906489  0.00500000165719151  0.0235932361568351
0.1815 0.00499999873981032  0.00500000169632721  0.0235496471501753
0.182 0.00499999871094069  0.00500000173499807  0.0235061109249171
0.1825 0.00499999868170829  0.00500000177422037  0.0234625406750296
0.183 0.00499999865200522  0.00500000181408782  0.0234188752170032
0.1835 0.00499999862223685  0.00500000185395719  0.023375032041413
0.184 0.00499999859228137  0.00500000189415383  0.0233308469757927
0.1845 0.00499999856268984  0.00500000193385857  0.0232863096814367
0.185 0.00499999853037889  0.00500000197718527  0.023241520108416
0.1855 0.00499999849491738  0.00500000202476019  0.0231965826570037
0.186 0.00499999845812081  0.00500000207408546  0.0231515886864925
0.1865 0.00499999842103385  0.00500000212376373  0.0231066063075132
0.187 0.00499999838339699  0.00500000217415461  0.0230617557635371
0.1875 0.00499999834374369  0.0050000022271713  0.0230171767841118
0.188 0.00499999830335714  0.0050000022810928  0.0229729029056806
0.1885 0.00499999826245281  0.00500000233567544  0.0229289002188438
0.189 0.00499999822071122  0.00500000239136695  0.0228850934665555
0.1895 0.00499999817953839  0.00500000244636324  0.0228413436659953
0.19 0.00499999813786989  0.00500000250209904  0.0227975615185879
0.1905 0.00499999809555907  0.00500000255870721  0.0227536859967232
0.191 0.00499999765766402  0.00500000301085768  0.0227096355099092
0.1915 0.00499999775768872  0.00500000292519241  0.0226652458204003
0.192 0.00499999758366753  0.00500000311338683  0.0226205035386653
0.1925 0.00499999736688072  0.00500000334788826  0.0225755044936701
0.193 0.00499999696312434  0.00500000399845465  0.0225303579637747
0.1935 0.00499999655175417  0.00500000465888371  0.0224851574395802
0.194 0.00499999613536269  0.00500000532739002  0.0224399715173711
0.1945 0.00499999570017429  0.00500000603457597  0.022394921559141
0.195 0.0049999952635261  0.0050000067396411  0.0223501489562388
0.1955 0.00499999482657717  0.00500000744263071  0.0223056877410489
0.196 0.00499999438901282  0.00500000814482203  0.0222615035765811
0.1965 0.00499999394924613  0.00500000884912255  0.0222175203997576
0.197 0.00499999351201464  0.00500000954913334  0.0221735983617512
0.1975 0.00499999307364559  0.0050000102503404  0.0221296481821234
0.198 0.0049999926340175  0.00500001095296081  0.022085607346879
0.1985 0.00499999219553333  0.00500001165347279  0.0220413918203223
0.199 0.00499999175675104  0.00500001235432328  0.0219968352217696
0.1995 0.00499999132094681  0.00500001305063618  0.0219519291469976
0.2 0.00499999087065429  0.00500001376850321  0.0219067735910034
0.2005 0.00499999040329616  0.00500001451188328  0.021861474378021
0.201 0.00499998992932516  0.00500001526504991  0.0218161225966472
0.2015 0.00499998945460772  0.00500001601917078  0.0217707871290365
0.202 0.00499998897680977  0.00500001677795964  0.0217255911025077
0.2025 0.00499998848643628  0.0050000175557175  0.021680675875896
0.203 0.00499998799140677  0.00500001834046482  0.0216360702030051
0.2035 0.00499998749274294  0.00500001913071984  0.0215917362726759
0.204 0.00499998698781493  0.00500001993054105  0.0215475956554682
0.2045 0.00499998648744686  0.00500002072341096  0.0215035068425326
0.205 0.00499998598387889  0.00500002152127897  0.0214593827563419
0.2055 0.00499998547619467  0.00500002232543574  0.0214151595383116
0.206 0.00499998497015305  0.00500002312692838  0.0213707483686049
0.2065 0.00499998446254861  0.00500002393086006  0.0213259747095355
0.207 0.00499998395825399  0.00500002472962744  0.021280883624464
0.2075 0.00499998342426864  0.00500002557402965  0.0212355338596016
0.208 0.00499998285733503  0.00500002646915552  0.0211900584650449
0.2085 0.00499998227859659  0.00500002738238603  0.0211445402958705
0.209 0.00499998169888919  0.0050000282970914  0.0210990487061524
0.2095 0.00499998111053041  0.00500002922513892  0.0210537233002712
0.21 0.00499998050204788  0.00500003018421622  0.0210086902336022
0.2105 0.00499997988596307  0.00500003115497109  0.0209639715578583
0.211 0.00499997926313211  0.00500003213617  0.0209195232238901
0.2115 0.00499997863192773  0.00500003313034887  0.0208752611843479
0.212 0.00499997800594036  0.00500003411648364  0.0208310333386038
0.2125 0.0049999773731144  0.00500003511329091  0.0207867718339597
0.213 0.00499997673160007  0.00500003612347712  0.0207424048401055
0.2135 0.004999976094071  0.00500003712744065  0.0206978363439871
0.214 0.00499997545317143  0.00500003813665741  0.0206528852009317
0.2145 0.00499997480694646  0.0050000391540746  0.0206076490442238
0.215 0.00499997411367419  0.00500004024449724  0.0205621599449342
0.2155 0.00499997337274121  0.00500004140888342  0.0205165589653712
0.216 0.00499997261509169  0.00500004259911939  0.0204709231275247
0.2165 0.00499997185839321  0.00500004378777486  0.0204253267011337
0.217 0.00499997107536628  0.00500004501740463  0.0203799235829066
0.2175 0.00499997026650282  0.00500004628714901  0.020334818582194
0.218 0.00499996944738864  0.00500004757273125  0.0202900216928041
0.2185 0.00499996861767083  0.0050000488747935  0.0202454811363575
0.219 0.00499996777653299  0.0050000501946095  0.0202011040445582
0.2195 0.00499996694233777  0.00500005150364951  0.020156742142955
0.22 0.00499996609799715  0.00500005282856324  0.0201123327016295
0.2205 0.00499996523886548  0.00500005417640159  0.0200677996668345
0.221 0.00499996439406384  0.00500005550188971  0.0200230365879299
0.2215 0.00499996354770792  0.00500005682982651  0.0199778859068256
0.222 0.00499996266639561  0.00500005821218741  0.0199324548919088
0.2225 0.00499996172070055  0.00500005969485073  0.0198867935426922
0.223 0.00499996070890801  0.00500006128053695  0.0198410459096313
0.2235 0.0049999596771078  0.00500006289732636  0.019795279637273
0.224 0.00499995864625743  0.00500006451263279  0.0197495789422986
0.2245 0.00499995756686669  0.0050000662035664  0.0197041065560311
0.225 0.00499995645685618  0.00500006794217811  0.0196589470419199
0.2255 0.00499995533223225  0.00500006970350479  0.0196140951716292
0.226 0.00499995418928259  0.00500007149351252  0.019569490069318
0.2265 0.00499995304034824  0.00500007329286327  0.0195250203021731
0.227 0.00499995189054381  0.00500007509359155  0.0194805533857617
0.2275 0.00499995072361664  0.00500007692100666  0.0194360303821224
0.228 0.00499994952587587  0.00500007879642732  0.0193913685330706
0.2285 0.00499994836554099  0.00500008061345448  0.0193464450853702
0.229 0.00499994719561166  0.00500008244546939  0.0193011368955349
0.2295 0.00499994689665868  0.00500008344368831  0.0192555638660758
0.23 0.00499994441522227  0.00500008668998261  0.0192097955122526
0.2305 0.00499994252884004  0.0050000893816928  0.0191639563865846
0.231 0.00499994067005242  0.00500009205720609  0.0191181117886987
0.2315 0.00499993879300108  0.00500009475303784  0.0190723589083679
0.232 0.00499993684545997  0.00500009756205532  0.0190268616254052
0.2325 0.00499993486779144  0.00500010042127618  0.0189816792401922
0.233 0.00499993287266963  0.00500010330946538  0.0189367906443188
0.2335 0.00499993084894222  0.00500010624290814  0.0188921257279719
0.234 0.0049999288316225  0.00500010916764924  0.0188475567860022
0.2345 0.00499992680616011  0.00500011210572083  0.0188029702804042
0.235 0.0049999247572101  0.00500011508075629  0.018758306516145
0.2355 0.0049999223680841  0.00500011840202979  0.018713483752483
0.236 0.00499992038607736  0.00500012131475915  0.0186683395765881
0.2365 0.00499991841421367  0.00500012420884842  0.0186228382343223
0.237 0.00499991628452849  0.00500012733442608  0.0185770775932304
0.2375 0.00499991396561997  0.00500013074705904  0.0185311676637036
0.238 0.00499991156718152  0.00500013428111269  0.0184852054852039
0.2385 0.00499990914862367  0.00500013784538474  0.0184392612088411
0.239 0.00499990669656865  0.00500014145967334  0.0183934597592337
0.2395 0.00499990412798409  0.00500014525013389  0.0183479466187114
0.24 0.0049999015155106  0.00500014910654154  0.018302755181041
0.2405 0.00499989886790686  0.00500015301574982  0.0182578483798108
0.241 0.00499989616740848  0.00500015700479893  0.0182131462912325
0.2415 0.00499989349677946  0.00500016094885113  0.0181684989665122
0.242 0.00499989078763285  0.00500016495138662  0.0181238272051835
0.2425 0.00499988803334969  0.00500016902242539  0.0180790607914217
0.243 0.00499988519103286  0.00500017339510558  0.0180341051613518
0.2435 0.0049998824145282  0.00500017349429977  0.0179887815593197
0.244 0.00499987949671832  0.00500017986297289  0.0179431591658749
0.2445 0.00499987633833098  0.00500018438518522  0.0178972859561735
0.245 0.00499987293600565  0.00500018917001252  0.0178512980032823
0.2455 0.00499986944801866  0.00500019404963781  0.0178052738514938
0.246 0.00499986625876284  0.0050001986193277  0.0177592875002279
0.2465 0.00499986194593789  0.00500020437028203  0.017713494042501
0.247 0.00499985764092489  0.00500021017109902  0.0176680018124905
0.2475 0.00499985327159523  0.00500021605864859  0.0176228221117559
0.248 0.00499984884189442  0.00500022203124623  0.0175779027648799
0.2485 0.00499984436510455  0.00500022807097  0.0175331459097838
0.249 0.00499983990390849  0.00500023408708743  0.017488404949574
0.2495 0.00499983538993739  0.00500024018167566  0.0174436175202233
0.25 0.0049998307982194  0.0050002463921919  0.017398704984446
0.2505 0.00499982610326166  0.0050002529042772  0.0173535556562183
0.251 0.00499982155957983  0.00500025902315615  0.0173080268477091
0.2515 0.00499981680448471  0.00500026542092405  0.0172622154969847
0.252 0.00499981174731546  0.00500027226823736  0.0172161848220666
0.2525 0.00499980637155654  0.00500027957962706  0.0171700804111936
0.253 0.00499980091104776  0.00500028701612241  0.0171239651482061
0.2535 0.00499979544883382  0.00500029445670937  0.0170779297163409
0.254 0.00499978972963079  0.00500030226874001  0.0170321417378065
0.2545 0.00499978387284167  0.00500031027957096  0.016986674141715
0.255 0.00499977794132523  0.0050003183983621  0.0169415139863329
0.2555 0.00499977190698793  0.0050003266653402  0.0168965949875276
0.256 0.00499976585534681  0.00500033495840032  0.0168517962295572
0.2565 0.00499975978379473  0.00500034328127766  0.01680699400733
0.257 0.00499975362181558  0.0050003517351475  0.016762127785837
0.2575 0.00499974723261003  0.00500036088466358  0.0167171166090263
0.258 0.00499974112769442  0.00500036906027478  0.0166718016301827
0.2585 0.00499973505350538  0.0050003775011063  0.0166261205245627
0.259 0.00499972870793712  0.00500038619400362  0.016580184351324
0.2595 0.00499972128711656  0.00500039682865289  0.0165340853073613
0.26 0.00499971366119454  0.0050004076892943  0.0164879270978697
0.2605 0.00499970598170506  0.00500041860883135  0.0164417789848351
0.261 0.00499969821824672  0.00500042965678713  0.0163957570927581
0.2615 0.00499969007891653  0.00500044123393356  0.0163500158053947
0.262 0.00499968178959901  0.00500045302184923  0.0163045936963343
0.2625 0.0049996733906799  0.00500046496422925  0.0162594562005678
0.263 0.00499966389789973  0.00500047807604749  0.0162145244881002
0.2635 0.00499965554922263  0.00500049000244592  0.0161696526367031
0.264 0.00499964690606317  0.00500050226699609  0.0161247527948902
0.2645 0.00499963814695789  0.0050005147041422  0.0160797571731312
0.265 0.00499962904834518  0.0050005274755968  0.0160345719875876
0.2655 0.00499962154944216  0.00500053866296522  0.0159890154688837
0.266 0.00499961106313464  0.00500055285307491  0.0159431594551631
0.2665 0.00499960082367564  0.00500056725360773  0.0158970530972265
0.267 0.00499958980190805  0.00500058287737533  0.0158508356083704
0.2675 0.00499957850834094  0.00500059889944995  0.0158045867132387
0.268 0.00499956749457003  0.00500061464749677  0.0157583812303022
0.2685 0.00499955504709084  0.00500063201018215  0.0157123771347871
0.269 0.00499954230839875  0.00500064983364343  0.0156666833167659
0.2695 0.00499952936661107  0.0050006679324898  0.0156213096782793
0.27 0.00499951621557268  0.00500068632054546  0.0155762024507406
0.2705 0.00499950289297906  0.00500070494686128  0.015531262209703
0.271 0.00499948960447287  0.00500072352157802  0.0154863420771549
0.2715 0.00499947612526671  0.00500074236532584  0.0154413795744833
0.272 0.00499946235421878  0.00500076162361579  0.0153962929982051
0.2725 0.00499944855707238  0.00500078095068502  0.015350965096844
0.273 0.0049994349770283  0.00500079987745518  0.0153052582659665
0.2735 0.00499942125079225  0.00500081924617185  0.0152592766326041
0.274 0.00499940508371043  0.00500084151478122  0.0152130844885925
0.2745 0.00499938840897903  0.00500086468400206  0.0151668202330949
0.275 0.0049993714719118  0.00500088822482346  0.0151205468458172
0.2755 0.00499935450749269  0.00500091199059988  0.0150743586981577
0.276 0.00499933671355213  0.00500093792649156  0.015028423333826
0.2765 0.00499931850570056  0.00500096447132618  0.0149828061766948
0.277 0.00499930006534284  0.00500099136565545  0.0149374887664164
0.2775 0.00499928129311437  0.0050010187410469  0.0148924013495507
0.278 0.00499926155993696  0.00500104706804089  0.0148474164951314
0.2785 0.00499924288432412  0.00500107438738976  0.0148024172438284
0.279 0.00499922384145453  0.00500110218643772  0.0147573425764035
0.2795 0.00499920394810717  0.00500113121804685  0.0147121087829831
0.28 0.00499918497956575  0.00500115888841692  0.0146665500758508
0.2805 0.00499916580343571  0.00500118670448485  0.0146206386809656
0.281 0.00499914508896123  0.00500121667691071  0.0145744744105359
0.2815 0.00499912212108277  0.00500124968786509  0.0145281690630656
0.282 0.00499909834160603  0.00500128384661788  0.0144818172289858
0.2825 0.00499907438031822  0.0050013170118265  0.0144354898210136
0.283 0.00499904998991166  0.00500135394292072  0.0143893215451358
0.2835 0.00499902447306847  0.00500139175041876  0.0143434518759004
0.284 0.00499899851900291  0.00500143021398647  0.0142979082387851
0.2845 0.0049989721788258  0.00500146924544812  0.0142526480689466
0.285 0.00499894261886124  0.00500151171138675  0.0142075853537332
0.2855 0.00499891693574931  0.00500155021786172  0.0141625665636745
0.286 0.00499888992522735  0.00500159022584987  0.0141175201012674
0.2865 0.00499886235560775  0.00500163101292623  0.0140723698750613
0.287 0.00499883458655692  0.00500167243348368  0.0140270115199014
0.2875 0.00499880711612917  0.00500171565971979  0.0139812793302023
0.288 0.00499877878258428  0.00500175572693222  0.0139352536982958
0.2885 0.00499874854479686  0.00500180033189501  0.013888996125271
0.289 0.00499871532948996  0.00500184915006239  0.0138426464181156
0.2895 0.00499868141741984  0.00500189897497243  0.0137962736001284
0.29 0.00499864753103752  0.00500194875838183  0.0137499600766728
0.2905 0.00499861207453778  0.0050020019955718  0.0137038720439182
0.291 0.00499857553755708  0.00500205685664014  0.0136580977132169
0.2915 0.00499853848783258  0.00500211249132961  0.0136126323341281
0.292 0.00499850080276689  0.00500216906340614  0.0135674136866039
0.2925 0.00499846104294486  0.00500222781652099  0.0135223277078778
0.293 0.00499842323990597  0.00500228462239857  0.0134772408068254
0.2935 0.00499838477713155  0.00500234233294573  0.0134320924773999
0.294 0.00499834365878837  0.00500240341609386  0.0133868006746343
0.2945 0.00499830620210312  0.00500246009370798  0.0133412199208296
0.295 0.0049982678346802  0.00500251792549973  0.0132952666562114
0.2955 0.00499822747551425  0.00500257853758845  0.0132490528094191
0.296 0.00499818039323122  0.0050026482278685  0.0132026702058765
0.2965 0.00499813200469493  0.00500272004940869  0.0131562309180485
0.297 0.00499808303634181  0.00500279268082444  0.0131098039986099
0.2975 0.00499803333229417  0.0050028662876666  0.0130635070475859
0.298 0.00499798004802945  0.00500294461933325  0.0130174961816096
0.2985 0.00499792576929194  0.00500302441064167  0.0129718134414343
0.299 0.00499787071126889  0.00500310533341551  0.0129264255035986
0.2995 0.0049978126433023  0.00500319169211587  0.0128812533428978
0.3 0.00499775669159013  0.00500327359411253  0.0128361502549402
0.3005 0.00499770028814014  0.00500335669466182  0.0127910279944284
0.301 0.00499764274507978  0.00500344135280515  0.0127458161658261
0.3015 0.00499758361053468  0.00500352793591884  0.0127004172714338
0.302 0.00499752714603323  0.00500361178825971  0.0126546496020004
0.3025 0.00499746719241964  0.00500369931180283  0.0126085885812543
0.303 0.00499740363363952  0.00500379282798715  0.0125622793815849
0.3035 0.00499733361166687  0.00500389608214788  0.0125158588965176
0.304 0.00499726189475715  0.00500400177840811  0.0124694053742893
0.3045 0.00499719200200783  0.00500410563580536  0.0124229972604107
0.305 0.00499711347186847  0.00500421939114709  0.0123767923322626
0.3055 0.00499703335168119  0.00500433594569504  0.0123308953812266
0.306 0.00499695219049494  0.005004454063304  0.0122853124629331
0.3065 0.00499686979109565  0.00500457399573516  0.0122399873521983
0.307 0.0049967834798891  0.00500469972663154  0.0121948157388853
0.3075 0.0049967008515711  0.00500482030520051  0.0121496548851614
0.308 0.00499661677056952  0.00500494282165825  0.012104441826145
0.3085 0.00499652931337222  0.00500507040941813  0.0120590964994708
0.309 0.00499644499839824  0.00500519325506473  0.0120134846220617
0.3095 0.00499635821172243  0.00500531710382482  0.0119674992114306
0.31 0.00499627014091533  0.00500544341340202  0.0119212453744087
0.3105 0.00499616888994884  0.00500558704741828  0.0118748052281125
0.311 0.00499606319318076  0.0050057380430265  0.0118282991285208
0.3115 0.0049959559898074  0.0050058911808991  0.0117817965386941
0.312 0.00499584768707838  0.005006045727518  0.0117354049033922
0.3125 0.00499573145819307  0.00500621245822237  0.0116892860661763
0.313 0.00499561295460819  0.00500638240064569  0.0116434951850873
0.3135 0.00499549282667654  0.00500655467755531  0.0115980061060369
0.314 0.00499536750604377  0.00500673331559161  0.0115527438224182
0.3145 0.00499524461743588  0.00500691116676909  0.0115075687719834
0.315 0.00499512133678687  0.00500708785727653  0.0114623806320697
0.3155 0.00499499583543448  0.00500726788495774  0.0114171121469773
0.316 0.00499486632639996  0.0050074539270733  0.0113716643304164
0.3165 0.00499474400413267  0.00500763087127974  0.0113258758450163
0.317 0.00499461505043269  0.00500781584415916  0.0112797699870626
0.3175 0.00499448003518414  0.00500801280139662  0.0112334241537531
0.318 0.00499432933633619  0.00500823191925177  0.0111869455459812
0.3185 0.00499417491204372  0.00500845625569205  0.0111404278861783
0.319 0.00499402221453244  0.00500867843336313  0.0110939491102166
0.3195 0.00499385723549962  0.00500891734120034  0.0110476572902187
0.32 0.00499368673671024  0.00500916424599795  0.0110016667246705
0.3205 0.00499351379642697  0.00500941473246549  0.0109559915603089
0.321 0.00499333820733242  0.00500966903681278  0.0109105803539988
0.3215 0.00499315399167305  0.0050099368591285  0.0108653321384956
0.322 0.00499297831885108  0.00501019142531044  0.0108201046653352
0.3225 0.00499279890824001  0.00501045119570734  0.0107748294293991
0.323 0.0049926141373911  0.00501071927148884  0.0107294271001557
0.3235 0.00499243201111445  0.00501098306609101  0.010683767723001
0.324 0.00499224742338393  0.00501124530628607  0.0106377408423519
0.3245 0.00499206113990923  0.00501151604743511  0.0105914355286789
0.325 0.00499185164119043  0.00501181710372444  0.0105449454918489
0.3255 0.00499162906261206  0.00501213862013363  0.0104983696670199
0.326 0.00499140471809106  0.00501246299063931  0.0104517921891033
0.3265 0.00499117465166186  0.00501279379517224  0.010405323457433
0.327 0.00499093032259213  0.00501314677254293  0.0103591146180193
0.3275 0.00499068062398015  0.00501350745986053  0.0103132297189232
0.328 0.0049904271832763  0.00501387345362239  0.0102676488940092
0.3285 0.00499016316996362  0.00501425247525414  0.0102222974049006
0.329 0.00498990134671106  0.00501463228033069  0.010177045502214
0.3295 0.00498964115957961  0.00501500805123834  0.010131783379986
0.33 0.00498937421990921  0.00501539444367275  0.0100864480392883
0.3305 0.00498910398753494  0.00501578359183134  0.010040919642832
0.331 0.00498883971018833  0.00501616970560626  0.00999507997402868
0.3315 0.00498856884651629  0.00501655480365887  0.00994891281651023
0.332 0.00498827735725687  0.00501697638592518  0.00990251963758237
0.3325 0.00498795950349388  0.00501743374878068  0.00985598341868951
0.333 0.00498763046877459  0.0050179094565283  0.00980938943049922
0.3335 0.00498729935409551  0.00501838337683674  0.00976283870798598
0.334 0.00498695368025209  0.00501888718100441  0.00971646258327566
0.3345 0.00498659284200997  0.00501941012945506  0.00967037614020385
0.335 0.00498622585266408  0.00501994175884473  0.00962460066832407
0.3355 0.00498585153544211  0.00502048328847271  0.00957908925136927
0.336 0.00498546768358485  0.00502104244764728  0.00953373925134407
0.3365 0.00498508722030443  0.00502159063074165  0.00948842114248965
0.337 0.00498470288780636  0.00502214690619272  0.00944305442439284
0.3375 0.00498431394668359  0.00502270930964691  0.00939753982087168
0.338 0.00498392434857278  0.00502327507588208  0.00935177334731964
0.3385 0.004983539763212  0.0050238381029828  0.00930566769098305
0.339 0.00498313869365949  0.00502441773864409  0.00925929749818429
0.3395 0.00498269401163309  0.00502506073378908  0.00921275088549485
0.34 0.00498222483896898  0.00502573961228298  0.00916610109181082
0.3405 0.00498174821669902  0.00502643271186344  0.0091194310919776
0.341 0.0049812548320439  0.00502714389079598  0.00907287781586196
0.3415 0.00498074158762591  0.0050278923652892  0.00902656978404607
0.342 0.00498021606110818  0.00502865868781744  0.00898057107784035
0.3425 0.00497968021223062  0.0050294391137188  0.00893486763118276
0.343 0.00497913088297937  0.0050302405440578  0.00888938585324005
0.3435 0.00497857499798797  0.00503105261750535  0.00884400527521319
0.344 0.00497801741499198  0.00503186351867838  0.00879860851319881
0.3445 0.00497745420097504  0.00503268425664227  0.00875310671576261
0.345 0.00497688430416752  0.00503351267197546  0.00870740997568988
0.3455 0.00497631478894106  0.00503434633929987  0.00866141946865195
0.346 0.0049757435314674  0.00503518444001404  0.00861514986191996
0.3465 0.00497512034266327  0.00503609672617164  0.00856867179748703
0.347 0.00497444539748509  0.00503707705546168  0.00852204983392496
0.3475 0.00497375018528602  0.00503808759521997  0.00847535627676137
0.348 0.00497303277135005  0.00503911834005008  0.00842870284640264
0.3485 0.0049722944922523  0.00504019656741457  0.00838220347780622
0.349 0.00497154260236802  0.00504131091406667  0.00833596257149556
0.3495 0.00497077406028001  0.00504244995991743  0.00829000351261712
0.35 0.00496998765357211  0.00504361516818642  0.00824427512093313
0.3505 0.00496919362785234  0.00504480661740013  0.00819866327405414
0.351 0.00496838233687487  0.00504600243486289  0.0081530604322747
0.3515 0.00496757184090412  0.0050472014884201  0.00810738077053071
0.352 0.00496675308347582  0.00504841085132878  0.0080615420341322
0.3525 0.00496593783752884  0.00504962451609837  0.00801545298850841
0.353 0.00496510509633742  0.00505085403198975  0.00796911198129146
0.3535 0.00496423662643332  0.00505215143575619  0.00792254039139744
0.354 0.00496329788196267  0.00505353899331939  0.00787581956007036
0.3545 0.0049623056888814  0.00505499861246394  0.00782898617553753
0.355 0.004961274343396  0.00505650144982298  0.00778215690609869
0.3555 0.00496020370590052  0.00505804984817365  0.00773543496926333
0.356 0.00495911707393119  0.00505965107998835  0.00768892007228586
0.3565 0.00495801607448876  0.00506127907026789  0.0076426649079627
0.357 0.004956900178499  0.00506293341638001  0.00759658897013143
0.3575 0.0049557690803128  0.00506463460995732  0.00755066104711654
0.358 0.0049546099462734  0.00506635478048999  0.00750477479965966
0.3585 0.00495342940438927  0.00506809626716885  0.00745885436562593
0.359 0.00495224720342993  0.00506984442256436  0.00741281246600064
0.3595 0.00495106262287653  0.0050716122135989  0.00736657657254002
0.36 0.00494985085324007  0.00507340467042798  0.00732014319935523
0.3605 0.00494861461022562  0.00507527192955576  0.00727348807569388
0.361 0.00494726867414677  0.00507725227495277  0.00722663779176972
0.3615 0.00494585865674415  0.0050793405380953  0.00717967527306507
0.362 0.00494437113331897  0.00508151774328689  0.00713266317068874
0.3625 0.00494282480245137  0.0050837471051496  0.00708571056423279
0.363 0.00494127325976886  0.00508602300787196  0.00703888593168435
0.3635 0.00493971999299468  0.00508833340520796  0.00699225348614982
0.364 0.00493815908077264  0.00509067018400605  0.00694582004419112
0.3645 0.00493659435443773  0.0050930450885706  0.00689951884851768
0.365 0.00493500527390857  0.00509544623914476  0.00685324775996145
0.3655 0.00493338294773833  0.00509787103599036  0.00680690202583821
0.366 0.00493176103992794  0.00510031455560834  0.00676042183106316
0.3665 0.00493011199013636  0.00510278861968991  0.00671378402263364
0.367 0.0049284545081391  0.00510529195289167  0.00666696421315664
0.3675 0.00492677721881195  0.00510787972940775  0.00661994880557134
0.368 0.0049250185084761  0.00511059123389267  0.0065726756026716
0.3685 0.00492310363161241  0.00511343715955327  0.00652521973816698
0.369 0.00492109467619795  0.00511642714776229  0.00647768525781295
0.3695 0.00491901777947422  0.00511947413927181  0.00643015779472669
0.37 0.00491693180135028  0.00512256157656663  0.00638273324773753
0.3705 0.004914867268047  0.00512568333525767  0.00633546769059825
0.371 0.00491280666896182  0.00512884126926609  0.0062883799516187
0.3715 0.00491074848822678  0.00513203724186782  0.00624143149230854
0.372 0.00490866589521418  0.00513526719596088  0.00619454677391627
0.3725 0.0049065449034056  0.0051385255788413  0.0061476374153076
0.373 0.00490439151993738  0.00514186105232873  0.00610065394016469
0.3735 0.00490218967220612  0.00514522828969646  0.00605357897153651
0.374 0.00490001257279154  0.0051486394611636  0.00600638155470143
0.3745 0.00489781738641759  0.00515215329695847  0.00595901506555399
0.375 0.00489552374956489  0.00515582205030111  0.00591143079832747
0.3755 0.00489302875763386  0.00515967507289496  0.00586361596595955
0.376 0.00489033649508298  0.0051636758346814  0.00581565787600459
0.3765 0.00488757191524744  0.00516780358517822  0.00576763145730083
0.377 0.00488480639575299  0.00517195669928453  0.00571964416557225
0.3775 0.00488208336459083  0.00517613982293492  0.00567173554641594
0.378 0.0048793956044645  0.00518033106480658  0.00562391235493824
0.3785 0.00487672228833937  0.00518455003062259  0.00557614220194024
0.379 0.00487402559626125  0.00518880373177718  0.00552842267744977
0.3795 0.00487127939781273  0.00519312416380328  0.00548068663452753
0.38 0.00486845727750521  0.00519749982851023  0.00543293599452127
0.3805 0.00486562884482694  0.00520191307738013  0.00538521330207587
0.381 0.00486282218976131  0.00520636064260655  0.00533749471931471
0.3815 0.00485997918078814  0.00521085603210141  0.00528973708866237
0.382 0.00485697775554651  0.00521544660487994  0.00524185892679615
0.3825 0.00485376997046801  0.0052201202970298  0.00519381899094011
0.383 0.00485039101262616  0.005224843970941  0.00514567191089971
0.3835 0.00484688656594382  0.00522960217135863  0.00509743488898955
0.384 0.00484335312240518  0.00523437462652271  0.00504913259361951
0.3845 0.00483983546859033  0.00523914493578414  0.00500077669842298
0.385 0.00483634728624441  0.00524390671373969  0.00495238143386287
0.3855 0.00483285118959871  0.00524866836227305  0.00490401086719801
0.386 0.0048292740691555  0.00525342223096566  0.00485572746183157
0.3865 0.00482563743478434  0.00525816506823479  0.00480753001432038
0.387 0.00482195692601296  0.00526289420798653  0.00475949116146692
0.3875 0.00481825477655811  0.00526759107348098  0.00471164418981325
0.388 0.0048145334196392  0.00527223663525157  0.00466395317804455
0.3885 0.00481067772307188  0.00527682911903945  0.00461629750124769
0.389 0.00480664552920449  0.0052813480524498  0.00456857891331415
0.3895 0.00480242110842974  0.00528579905954909  0.00452075631822118
0.39 0.00479805418682078  0.00529020213837088  0.00447284653517055
0.3905 0.00479359529576409  0.00529456520619761  0.00442483513400193
0.391 0.00478909823774673  0.00529889034238341  0.00437666697416049
0.3915 0.00478458937634705  0.00530320836617627  0.00432836153940831
0.392 0.00478009728196181  0.00530752180694568  0.00427996902158817
0.3925 0.00477558233267905  0.00531183980129762  0.00423156857534526
0.393 0.004771064232084  0.00531611752772005  0.00418326824156548
0.3935 0.00476651488497869  0.00532035013977696  0.00413515371649883
0.394 0.00476194416020902  0.00532453017015069  0.00408725218043342
0.3945 0.00475737244012796  0.00532868637672355  0.00403955718572673
0.395 0.00475280919630622  0.00533279398586032  0.0039920433514307
0.3955 0.00474823729169387  0.00533676884108143  0.00394456072954376
0.396 0.00474366837093682  0.00534056973596762  0.00389703354114436
0.3965 0.00473909614209089  0.0053442012040859  0.00384942839141003
0.397 0.00473454208888544  0.0053477037703857  0.00380175648959637
0.3975 0.00473001161569502  0.00535111870643084  0.00375401073185083
0.398 0.00472549077842729  0.00535456976645375  0.00370622998454585
0.3985 0.00472097795455816  0.00535810783301917  0.00365845550195914
0.399 0.00471647691353506  0.00536175360669185  0.00361073576047749
0.3995 0.00471200035974941  0.00536545977827267  0.00356310969129508
0.4 0.00470757218447022  0.00536918816901955  0.00351557980611697
0.4005 0.00470320196631528  0.00537288908877247  0.00346818306497648
0.401 0.00469891258979724  0.00537655950934616  0.00342088955075624
0.4015 0.00469468685604502  0.00538022910968856  0.00337368040103964
0.402 0.00469054496439643  0.00538392137437915  0.00332647220069578
0.4025 0.00468649033205229  0.00538757875483961  0.00327917650066801
0.403 0.00468258593604036  0.00539108463723216  0.00323174672193832
0.4035 0.00467880213593776  0.00539439481303629  0.00318416085070243
0.404 0.00467510829260922  0.00539756677035285  0.00313650432925428
0.4045 0.00467148878310944  0.00540075326734045  0.00308883693666617
0.405 0.00466786076744766  0.00540405888045412  0.00304126389252419
0.4055 0.00466424224338861  0.0054075060372317  0.00299381062117432
0.406 0.00466061426815927  0.00541107672342692  0.00294647536020978
0.4065 0.00465700856018229  0.00541474949881088  0.00289925130520603
0.407 0.00465340920659508  0.00541849322625578  0.00285211304772435
0.4075 0.00464986736857187  0.00542225620299174  0.00280502359696445
0.408 0.00464638174197093  0.00542603981108908  0.00275789289124294
0.4085 0.00464294518685954  0.00542982907123915  0.00271072243478803
0.409 0.0046395727870728  0.00543366089241773  0.0026634248658032
0.4095 0.00463632883012391  0.00543748674255747  0.00261597077104828
0.41 0.00463322497062976  0.0054412371803695  0.00256832067371809
0.4105 0.00463026544322088  0.00544489067395368  0.00252058981726293
0.411 0.00462741087776413  0.00544846882424944  0.00247289142437035
0.4115 0.00462458291001927  0.00545210157997421  0.00242538112100404
0.412 0.00462177455267605  0.0054558348294493  0.00237814154599655
0.4125 0.00461898254616764  0.00545967929903218  0.00233121399673582
0.413 0.00461621009855529  0.00546360487744283  0.00228458964217415
0.4135 0.0046134803350917  0.00546761243924564  0.00223822523012175
0.414 0.00461078797080821  0.00547168171137835  0.00219205509938288
0.4145 0.00460815319176417  0.00547579245681425  0.00214603288514976
0.415 0.00460555660119781  0.00547993663279949  0.00210010369243518
0.4155 0.00460302828091282  0.00548411692412636  0.00205421629125449
0.416 0.00460054591950966  0.00548832692565893  0.0020082878626772
0.4165 0.00459817840604646  0.0054925537309948  0.00196224403675632
0.417 0.00459597120299215  0.0054967933713559  0.00191605444774124
0.4175 0.00459393108273163  0.00550104969548388  0.00186973771845252
0.418 0.00459194293291502  0.00550535650900119  0.00182335234701055
0.4185 0.00459001849401191  0.0055097500771566  0.00177694703242828
0.419 0.00458813382636037  0.00551425191716846  0.00173060537178909
0.4195 0.00458628975559741  0.00551886821266851  0.0016843609038038
0.42 0.00458446264317052  0.00552359336507973  0.00163819894206693
0.4205 0.00458263543358887  0.00552842981573644  0.00159211599322904
0.421 0.00458078841124098  0.00553338079454084  0.00154608356045629
0.4215 0.00457886566963078  0.00553845145667872  0.00150007773291115
0.422 0.00457685794794008  0.00554362631948097  0.00145406641812013
0.4225 0.00457475497631665  0.00554888138183869  0.00140805177270051
0.423 0.00457259079701131  0.00555425074588881  0.00136202856084866
0.4235 0.00457038586371171  0.00555975448718178  0.001316080294242
0.424 0.00456816343362578  0.00556538793683384  0.00127038527474425
0.4245 0.00456596112710124  0.0055711837329837  0.00122507883075977
0.425 0.00456375369581547  0.0055770698141297  0.00118055630436474
0.4255 0.00456155320094032  0.00558304508559443  0.00113708751370419
0.426 0.00455931332588577  0.00558908770981086  0.00109490255649354
0.4265 0.00455696923920833  0.00559519349391788  0.0010541556541848
0.427 0.0045545841775315  0.00560125639045155  0.00101491470316393
0.4275 0.00455215899929786  0.00560721820237795  0.000977184209060227
0.428 0.00454969158632411  0.00561310088136257  0.000940885555074023
0.4285 0.0045471616309134  0.00561892961818548  0.000905830308935306
0.429 0.0045445664457693  0.00562472003128745  0.000871837822038086
0.4295 0.00454189436659152  0.00563051293652488  0.000838730601574875
0.43 0.00453953256963728  0.00563599657356512  0.000848779820589261
0.4305 0.00453717534390683  0.00564279264423506  0.000864763627316712
0.431 0.00453481663099815  0.00565026869057056  0.000877802328285765
0.4315 0.00453235962821627  0.00565815363496776  0.000888933749886699
0.432 0.00452978595860677  0.00566632127615038  0.000898588889628159
0.4325 0.00452710563045226  0.0056747014443767  0.000907012611798087
0.433 0.00452433481036649  0.00568325404415864  0.000914389315098205
0.4335 0.00452148679792809  0.00569195463557395  0.000920855593131252
0.434 0.00451857239501934  0.00570078777197856  0.000926516262880099
0.4345 0.00451559950434655  0.00570974266990601  0.000931455341691887
0.435 0.0045125722013505  0.00571877700441975  0.000935789140824695
0.4355 0.00450949800786655  0.0057278699162969  0.000939549670991398
0.436 0.00450637863582239  0.0057370105060064  0.000942770269125828
0.4365 0.00450321665116797  0.00574618697045108  0.000945484512439066
0.437 0.00450001221141656  0.00575539643449727  0.00094772833433396
0.4375 0.00449676529595262  0.00576463475787508  0.000949517802777946
0.438 0.00449347537644642  0.00577390807532806  0.000950865261120674
0.4385 0.0044901430265262  0.00578321283230454  0.000951784931720909
0.439 0.00448677036128225  0.00579254287288374  0.000952284707902224
0.4395 0.00448335378976929  0.0058018965681666  0.000952345726185338
0.44 0.00447989306601458  0.00581127081312642  0.000951982818874695
0.4405 0.00447638776007878  0.00582066234481827  0.000951213747225291
0.441 0.00447283690960557  0.00583006727691419  0.000950056381937658
0.4415 0.00446924115668633  0.00583948121685435  0.000948534049921918
0.442 0.00446559187022936  0.00584889447780042  0.00094668751953262
0.4425 0.0044618810715283  0.00585830823401145  0.000944536743482676
0.443 0.00445810584644031  0.00586772062438928  0.000942103032210578
0.4435 0.00445426599004142  0.00587712758004611  0.000939414441411909
0.444 0.00445035907383724  0.00588652714227171  0.000936493185948976
0.4445 0.00444638345341182  0.0058959179090002  0.000933359253283731
0.445 0.00444233768866571  0.00590529990420127  0.000930030817452422
0.4455 0.00443821912100086  0.00591467705942314  0.000926524574873723
0.446 0.00443402356595393  0.00592405264701704  0.000922869690376762
0.4465 0.00442975155727012  0.0059334283291652  0.000919089330971259
0.447 0.00442540158597317  0.00594280612935972  0.000915191376598358
0.4475 0.00442096572123168  0.00595218844235619  0.000911165437789429
0.448 0.00441644342732826  0.00596157882165972  0.000907026774967911
0.4485 0.00441183750243395  0.00597096800765464  0.000902792791843182
0.449 0.00440714443088545  0.0059803553701962  0.000898468932625921
0.4495 0.0044023618902255  0.00598973934369587  0.000894060049314273
0.45 0.00439748804879609  0.00599911879085711  0.00088956906872723
0.4505 0.00439251928635829  0.0060084955631013  0.00088499395255578
0.451 0.00438745717086842  0.00601786536494883  0.00088033927853441
0.4515 0.00438230111535085  0.00602722756726553  0.00087560660607817
0.452 0.00437705381577868  0.00603658126595578  0.000870781387433002
0.4525 0.00437171996451353  0.00604592250936029  0.000865867280424608
0.453 0.0043662966144477  0.00605525447106541  0.000860870336068674
0.4535 0.00436076507347416  0.00606458132506083  0.000855815604253044
0.454 0.00435510238841423  0.00607389905035216  0.00085072365500453
0.4545 0.0043492990129922  0.00608321366031603  0.000845600168905007
0.455 0.00434334649554625  0.00609253478404929  0.000840434100565219
0.4555 0.00433722740376506  0.00610187176740054  0.000835238541756799
0.456 0.0043322253070871  0.00610944074882337  0.000836945530985462
0.4565 0.0043269111449022  0.00611715189778981  0.000839554030181812
0.457 0.00432134237716847  0.00612496977602952  0.000841762550591717
0.4575 0.00431559685433925  0.00613283120267093  0.000843671720864976
0.458 0.00430971032797715  0.00614071187616828  0.000845327230735658
0.4585 0.0043037022099528  0.00614860135605972  0.000846761207872181
0.459 0.00429758271728169  0.00615649294135213  0.000848010839393143
0.4595 0.00429135793302463  0.00616438501901993  0.000849115859611296
0.46 0.00428503506809741  0.0061722751649379  0.000850089926430115
0.4605 0.00427861938841945  0.00618016497293589  0.000850941893422296
0.461 0.00427211559087756  0.00618805643665389  0.000851678116783316
0.4615 0.00426552758859661  0.00619595163068058  0.000852303061135237
0.462 0.00425885841329787  0.00620385366997644  0.00085281189609077
0.4625 0.00425211404667461  0.00621176369368063  0.000853215473635399
0.463 0.00424530305929712  0.00621968259707644  0.000853521579463746
0.4635 0.00423843402764477  0.00622760965629487  0.000853734087513533
0.464 0.00423151279078812  0.00623554733752919  0.000853868455831921
0.4645 0.00422454884518368  0.00624349767687192  0.000853924088984027
0.465 0.00421754516583637  0.00625146860722947  0.000853891660932848
0.4655 0.004210507167016  0.00625946263887177  0.000853764385723953
0.466 0.00420343695651321  0.00626748027823553  0.000853545721245247
0.4665 0.00419633978984615  0.00627551814126836  0.000853227965552667
0.467 0.00418921978951196  0.00628357444688381  0.000852827540649586
0.4675 0.00418207973194545  0.0062916490412968  0.000852345613956158
0.468 0.0041749271102498  0.00629974019670469  0.000851779847162548
0.4685 0.0041677591999778  0.00630785198044227  0.000851117147126788
0.469 0.004160576882619  0.00631598210516098  0.000850355699405973
0.4695 0.00415337919334925  0.00632413259202269  0.000849488628526827
0.47 0.00414617329303974  0.00633229860647798  0.000848512574150133
0.4705 0.00413896004618407  0.00634047545806636  0.000847431116514714
0.471 0.00413174044628023  0.00634866247446766  0.000846249667942616
0.4715 0.0041245160365299  0.00635685951125756  0.00084497011620858
0.472 0.00411728710232715  0.00636506635546925  0.000843589673395833
0.4725 0.00411005332253094  0.00637328303071494  0.000842103999918749
0.473 0.0041028133831156  0.00638151003621152  0.000840507621442239
0.4735 0.00409556230961567  0.00638974745990555  0.000838794170289165
0.474 0.0040882957017545  0.00639799971686503  0.000836946745837705
0.4745 0.00408101672314546  0.00640627521316845  0.000834955507060471
0.475 0.00407400515441507  0.00641473502180704  0.000835732660671976
0.4755 0.00406694062790482  0.00642312882002838  0.000836649991414302
0.476 0.00405988563803262  0.00643151342735914  0.000837299597161027
0.4765 0.00405282933585038  0.00643990023185348  0.000837731710852695
0.477 0.00404576744693911  0.00644829215262246  0.000837967194369447
0.4775 0.00403869818826188  0.00645669322611955  0.000838024099884088
0.478 0.00403161942644509  0.00646509998697171  0.000837924679045866
0.4785 0.00402453206186097  0.00647351174380968  0.000837687059349275
0.479 0.00401743687136258  0.00648192931879521  0.000837316982271741
0.4795 0.00401033552690054  0.00649034994679461  0.00083683594234555
0.48 0.00400322885384842  0.0064987736743559  0.000836253384528626
0.4805 0.00399611797052406  0.00650719955947792  0.000835574417313426
0.481 0.003989018156855  0.00651563602020752  0.000834859792742652
0.4815 0.00398193255337956  0.00652408363912514  0.000835311317581375
0.482 0.00397482798094092  0.00653252553807736  0.000835590306463427
0.4825 0.00396772239750137  0.00654096701363877  0.000835710455817074
0.483 0.00396061936996937  0.00654940453238175  0.00083568013019474
0.4835 0.0039535158414268  0.00655783715622084  0.000835505470457356
0.484 0.00394641360566785  0.00656625975041369  0.000835183515156737
0.4845 0.00393933563938643  0.00657469665222317  0.000834972774583977
0.485 0.00393223662491984  0.00658312042246267  0.000835184793848444
0.4855 0.00392513401730621  0.00659154719963062  0.000835188232608553
0.486 0.00391803125966601  0.00659997071486395  0.000834999632125371
0.4865 0.00391094745632456  0.0066084008843952  0.000835043805615148
0.487 0.0039038503490823  0.00661681974300914  0.000835077899589415
0.4875 0.00389675653037812  0.00662523934682939  0.000834963966761966
0.488 0.00388966925908087  0.00663366294183369  0.000835023570606407
0.4885 0.00388257132849339  0.00664208251284181  0.000834986329199111
0.489 0.00387547778071969  0.00665050960150328  0.000835002078085807
0.4895 0.00386837701095606  0.00665894011155346  0.000834975519303178
0.49 0.00386127053723073  0.00666737798300119  0.000834993546123769
0.4905 0.00385415471653638  0.00667582160956389  0.000834985982425504
0.491 0.00384702843058249  0.00668426839459561  0.000834982062567122
0.4915 0.00383989321489222  0.00669271906898491  0.000834989272183877
0.492 0.00383275030216367  0.00670117236174239  0.000834986841354868
0.4925 0.00382559513501751  0.00670963160571356  0.000834988478173823
0.493 0.00381843444135108  0.00671809382537416  0.000834990230365226
0.4935 0.00381126796314991  0.00672656070089008  0.000834987910358501
0.494 0.00380409634336832  0.00673503240570881  0.000834989705057324
0.4945 0.0037969207216498  0.00674350786229278  0.000834992274927561
0.495 0.00378974132601937  0.00675198477671901  0.000834985893758672
0.4955 0.00378255836664191  0.00676046472668859  0.00083499150281634
0.496 0.00377537280626115  0.00676894632463891  0.000834991357669583
0.4965 0.00376818530731832  0.00677742479190767  0.000834988669813448
0.497 0.00376098759925628  0.00678590416588159  0.000834992912471803
0.4975 0.0037537821119088  0.00679438006769902  0.000834987497613475
0.498 0.00374657025789759  0.00680284805290433  0.00083498952033049
0.4985 0.00373935147534967  0.00681130718317216  0.00083499230008706
0.499 0.00373212664066971  0.00681975791525072  0.000834987576436671
0.4995 0.00372489945134656  0.00682819778816155  0.000834989176419024
0.5 0.00371767069268124  0.00683662698879576  0.000834989448422433
