#
0.0005 -1.33396688139085e-11 1.85758063266631e-11 -0.000817678596508627
0.001 -1.56029747638863e-11 1.21381021596608e-11 -0.00121880075818835
0.0015 -9.28794408556109e-12 8.25591726656286e-12 -0.00163336011952109
0.002 1.30830343984852e-11 -1.15063498926673e-11 -0.00205474068252664
0.0025 6.81596421576425e-12 -6.72894002793632e-12 -0.00248022693508387
0.003 -1.06175493101696e-12 -2.6615708133516e-11 -0.00290827998116892
0.0035 1.13315966580857e-11 -1.07355228617267e-11 -0.00333792694602345
0.004 6.46995782346752e-12 -6.61928354044244e-12 -0.00376853729941782
0.0045 1.7974539998219e-12 -5.49097112244644e-12 -0.00419970970513055
0.005 4.99447446640542e-13 -1.16313760153236e-12 -0.00463120207655627
0.0055 5.79894570553284e-12 -6.37042795854934e-12 -0.00506288555860836
0.006 1.55276335729028e-11 -4.03767037070361e-12 -0.00549471450668625
0.0065 2.39453546211569e-11 -4.2586558498048e-12 -0.00592670632927431
0.007 1.08026129611772e-11 -1.29852119347763e-11 -0.00635892845276056
0.0075 1.6398192056883e-12 -2.08272794527277e-11 -0.00679149055502835
0.008 2.35508527709432e-12 -2.3098615388202e-11 -0.00722454003736203
0.0085 -9.73143942554378e-12 -1.74768238620132e-11 -0.0076582601013922
0.009 7.20261035236703e-12 -1.73420077505178e-11 -0.00809286941625656
0.0095 1.07881967176285e-11 -1.59796714977946e-11 -0.00852862380906565
0.01 1.51582252991187e-11 -1.42199055437599e-11 -0.0089658182454913
0.0105 1.8768524408085e-11 -1.27463691234736e-11 -0.00940479068054103
0.011 -3.41492148694015e-12 -3.21920781530512e-12 -0.00984592652327465
0.0115 1.54587216277911e-11 -5.39992410362683e-12 -0.0102896641488521
0.012 5.21740963984066e-11 -1.95616451349051e-11 -0.0107365030225532
0.0125 -8.77080039938716e-12 3.8186484368961e-12 -0.0111870102442262
0.013 2.52434200953815e-11 -8.90719225486088e-12 -0.0116418236657825
0.0135 -2.71665883856317e-11 4.18869062830014e-12 -0.0121016832178171
0.014 2.92533903068699e-11 -1.26258915884349e-11 -0.0125674401784351
0.0145 -1.89433081667305e-11 1.68971580723375e-11 -0.0130400961279192
0.015 -1.30757586502941e-11 -1.64485462136223e-12 -0.0135208348942884
0.0155 1.28521865918875e-11 -9.06685147534877e-12 -0.0140110781052294
0.016 -1.30727574701579e-11 2.30928105189355e-12 -0.0145895764055637
0.0165 -3.15690038437239e-11 8.09419695108243e-12 -0.0151744124876344
0.017 -2.56765707620624e-11 4.35037142961732e-12 -0.015755497226868
0.0175 8.58095747578145e-12 -1.60302381785854e-11 -0.0163366369117822
0.018 2.06350306899846e-11 -1.2966458140233e-11 -0.0169202868315931
0.0185 3.55524900163891e-12 -2.79547967169979e-12 -0.0175083723408136
0.019 -5.10940485955156e-11 3.6347944009444e-11 -0.0181026164515162
0.0195 1.41196061940394e-12 9.27298178108123e-12 -0.0187023187116137
0.02 7.96233168561918e-12 6.95655084045952e-12 -0.0193096259746174
0.0205 6.30919083691512e-12 8.06412210196057e-12 -0.0199270072756883
0.021 -2.26223390929444e-12 1.60545588903301e-11 -0.0205569867376885
0.0215 -9.2784207451463e-14 2.3329115071066e-11 -0.0212023428569004
0.022 -1.67215566333056e-11 3.65977721548735e-11 -0.0218662462817496
0.0225 2.61987025310999e-12 1.15456514163896e-11 -0.0225524743077867
0.023 -5.96189836353781e-12 1.55099562053069e-11 -0.023265787567024
0.0235 -1.0089820578626e-11 1.79593275612046e-11 -0.0240127532577827
0.024 -2.38696263179467e-12 1.93068236191373e-11 -0.024774749415396
0.0245 -6.81915720472078e-12 2.59166820322244e-11 -0.0257027279752915
0.025 -2.71399536505061e-11 2.95945318138216e-11 -0.0266118217248911
0.0255 -1.95904591137173e-11 1.96471391994831e-11 -0.0275384533406339
0.026 -2.74345999476946e-13 6.05808922443726e-12 -0.0284903305909483
0.0265 8.53964755625365e-12 1.71055769983609e-11 -0.0293873793790351
0.027 7.60232119694008e-13 2.77285270878217e-11 -0.0303269397701145
0.0275 1.00904109675319e-11 3.17780264232983e-11 -0.0311915830489312
0.028 4.66119553665148e-13 2.55000205666417e-11 -0.0320231898637056
0.0285 -1.58586146100883e-11 3.87791708045348e-11 -0.0328701234738011
0.029 -9.28233332120156e-12 5.09228877828055e-11 -0.0334861076267522
0.0295 3.43194716955427e-12 6.49391037271026e-11 -0.034074784046873
0.03 -7.78325040224574e-12 5.29587391059751e-11 -0.0346133710211935
0.0305 -4.10833097808745e-11 6.40734628869045e-11 -0.0351075611441106
0.031 -6.79047062550845e-11 7.74301273798017e-11 -0.0355642139902322
0.0315 -4.44830523701245e-11 5.83173160929309e-11 -0.0359904163258949
0.032 -7.17603783681123e-11 7.2819976716224e-11 -0.0363841526595559
0.0325 -7.71098633478159e-11 7.53177618578229e-11 -0.036757904782662
0.033 -7.57875604839629e-11 7.00247582232459e-11 -0.0371224409574507
0.0335 -4.21120541555861e-11 1.19406491052974e-10 -0.0373143569556948
0.034 -3.09097417165523e-11 1.09937588760692e-10 -0.0374963860992341
0.0345 -6.07466066075631e-11 8.83685305833082e-11 -0.0376661703338976
0.035 -6.13311310339484e-11 8.32638314699626e-11 -0.0378348529808157
0.0355 -3.7072984967356e-11 7.51309464912951e-11 -0.0380114550688001
0.036 -7.90457522793425e-11 1.06591636656294e-10 -0.0382031940666444
0.0365 -7.89166620102601e-11 9.52170122908083e-11 -0.0384158267995612
0.037 -7.26499486810447e-11 8.84105542997419e-11 -0.0386540866612389
0.0375 -3.20679514336637e-11 5.3043143389515e-11 -0.0389222109721009
0.038 -2.12493070659584e-11 3.97446280966317e-11 -0.0392245538203475
0.0385 -5.92247359116555e-11 5.08582474231953e-11 -0.0395663806352113
0.039 -7.11796177313729e-11 1.18651924450371e-11 -0.040016704615954
0.0395 -6.41858692761485e-11 1.13813913997721e-11 -0.0405086526926317
0.04 -3.4274318171538e-11 4.93357900503131e-11 -0.0410146129064063
0.0405 -3.24017573066547e-11 7.19730870477324e-11 -0.0415338547568536
0.041 -7.38052059131157e-13 5.34999849320883e-11 -0.042075711833977
0.0415 -1.1384296881603e-14 6.89354449880597e-11 -0.0426541883533382
0.042 2.30754093270979e-11 9.62416437245448e-11 -0.0432828122313292
0.0425 2.88091907732706e-11 1.13546336121498e-10 -0.0439793197903974
0.043 6.22766980736701e-12 7.24282747624707e-11 -0.0448083097469096
0.0435 -1.30356053569243e-11 6.34587306649855e-11 -0.0457024161928426
0.044 -3.03818193472859e-11 6.90523897337259e-11 -0.0466204372438139
0.0445 7.75308545627287e-12 1.39572517276802e-10 -0.0474327838058713
0.045 6.47756010311349e-12 1.42160409043182e-10 -0.0481929752703786
0.0455 -1.50717694891109e-11 1.21086965172226e-10 -0.0488628359322394
0.046 -6.01817315598889e-11 1.14675431234353e-10 -0.0494042703278939
0.0465 -8.83866125487695e-11 1.04249743246933e-10 -0.0498542985354536
0.047 -8.79957573756999e-11 1.40396156193919e-10 -0.0502336169994174
0.0475 -1.06909929256412e-10 1.53738168556673e-10 -0.0505576914907733
0.048 -1.01660543870745e-10 1.66845867426807e-10 -0.0508267740394883
0.0485 -6.5303119535212e-11 1.53057518791128e-10 -0.0510546133091629
0.049 -8.07486900595674e-11 1.46893409838235e-10 -0.0510946332249722
0.0495 -1.13704732002767e-10 1.28477408175194e-10 -0.0511007104499715
0.05 -1.12848959542559e-10 9.12192844963767e-11 -0.0510888686964567
0.0505 -1.47971097615801e-10 1.96500161820099e-10 -0.0510894070377516
0.051 -1.14830576223365e-10 1.99674891028957e-10 -0.0511230240340605
0.0515 -1.30411214885381e-10 2.18426211875131e-10 -0.0512038559184642
0.052 -1.17367608056576e-10 2.12992034161829e-10 -0.0513418946313774
0.0525 -1.35979469638947e-10 1.96539934861642e-10 -0.0515454744626406
0.053 -6.19452794546088e-11 2.55954228878789e-10 -0.0518997465890646
0.0535 -3.18991102335253e-11 3.44825679603683e-10 -0.0522974789730477
0.054 -3.98083174417009e-11 3.38443373124243e-10 -0.0527351789165614
0.0545 -6.67525327812154e-11 2.99358118095325e-10 -0.0532016970397333
0.055 -5.15234842518768e-11 2.05646043902268e-10 -0.0537195680811917
0.0555 -7.8223264348407e-11 2.22475277572181e-10 -0.0543086269676071
0.056 -5.33721552804893e-11 2.35713586019191e-10 -0.055053209439249
0.0565 -4.90643594705005e-11 2.57397810992555e-10 -0.0558830460019412
0.057 -2.08682700231808e-11 2.84433870213782e-10 -0.0567708884159016
0.0575 -2.37735084085137e-11 3.177996400039e-10 -0.0575056349147094
0.058 -1.05901133568587e-11 3.2538727736821e-10 -0.0581878617876287
0.0585 -9.44767422354033e-11 2.82859775470099e-10 -0.0587205665894573
0.059 -1.48345651595409e-10 1.77142965617731e-10 -0.0591347218297089
0.0595 -1.73799782786955e-10 1.1151734057186e-10 -0.0594552486983733
0.06 -1.91648968491835e-10 2.2934016578314e-10 -0.0597024766696589
0.0605 -1.86402750375973e-10 2.88039218996959e-10 -0.0598819448989875
0.061 -1.79519726789817e-10 2.72282563468557e-10 -0.0599432031037601
0.0615 -1.01741429430441e-10 4.32978255547261e-10 -0.0598334317198291
0.062 -1.63247680524946e-10 4.94591893534237e-10 -0.0596880704701837
0.0625 -1.81288787652799e-10 4.75998947245918e-10 -0.0595556779825041
0.063 -1.93810503393437e-10 4.76378529935792e-10 -0.0594692284014415
0.0635 -2.04664440654786e-10 4.63762959551188e-10 -0.0594507746762437
0.064 -2.30490903815816e-10 4.72694259998368e-10 -0.0595152564520923
0.0645 -2.08917906850284e-10 4.23137229585493e-10 -0.0596748922565153
0.065 -3.03495607062057e-10 1.89870540487196e-10 -0.0600409509834395
0.0655 -1.92566407212163e-10 2.80143099553534e-10 -0.0604190722810534
0.066 -1.566662101948e-10 3.76892983750233e-10 -0.060835087390459
0.0665 -2.04668935183259e-10 4.81269979960728e-10 -0.0613208118431323
0.067 -2.05196001417625e-10 4.63239234268805e-10 -0.0619010124664227
0.0675 -1.49565180736902e-10 3.50840200158338e-10 -0.0626595121202501
0.068 -1.72018619510039e-10 2.51461200565121e-10 -0.0635409390891534
0.0685 -1.38922974770424e-10 3.22651210271794e-10 -0.0642676436257908
0.069 -1.94714474215902e-10 3.16769368044166e-10 -0.0649274287023188
0.0695 -2.80148553471049e-10 3.74288599689427e-10 -0.0654258540990833
0.07 -2.96278861921487e-10 3.50584611929498e-10 -0.0657852251599911
0.0705 -3.29014873447779e-10 3.1432073956799e-10 -0.0660427473946055
0.071 -3.31264634344727e-10 3.93829007991632e-10 -0.0662130615551288
0.0715 -3.41260773677309e-10 4.5236776514612e-10 -0.0663044057355462
0.072 -3.09993143105119e-10 5.15672235441089e-10 -0.0661481341456896
0.0725 -4.00300559834831e-10 5.31289097174217e-10 -0.0659296378248174
0.073 -4.18174070617802e-10 3.91385698992428e-10 -0.0656975397621279
0.0735 -4.17290038501188e-10 4.96275005470613e-10 -0.0655077475443001
0.074 -3.96778277523458e-10 5.36750181190486e-10 -0.0653956529280452
0.0745 -4.49945844938136e-10 6.9788395330854e-10 -0.0653833396469867
0.075 -3.89439413970315e-10 6.3656166430175e-10 -0.0655408845272547
0.0755 -5.0602529867557e-10 3.80333854779036e-10 -0.0658281450454457
0.076 -3.81362047537264e-10 5.0853976321028e-10 -0.0661682586002147
0.0765 -3.62152989706805e-10 6.23075883592037e-10 -0.0665703960419291
0.077 -4.13644125446158e-10 7.08198874754793e-10 -0.0670682204376805
0.0775 -3.68073572784914e-10 6.27124500651996e-10 -0.0677091265429222
0.078 -3.70458653671126e-10 4.83445461252876e-10 -0.0685568194301187
0.0785 -3.71882886298845e-10 5.70864687329438e-10 -0.069296831008355
0.079 -4.39044754976204e-10 5.38396328473283e-10 -0.0699423864998235
0.0795 -3.938463003626e-10 7.35891036168032e-10 -0.0704771873093014
0.08 -3.43593767469968e-10 8.70734452547044e-10 -0.0707651825122328
0.0805 -4.92016542519666e-10 1.05053202425849e-09 -0.0709652410930932
0.081 -5.74828535208042e-10 1.06067074847346e-09 -0.0710734162799759
0.0815 -5.39056967716527e-10 1.01931362192375e-09 -0.0710678969330367
0.082 -5.65552454998219e-10 9.93532510974176e-10 -0.0708186119647699
0.0825 -5.77410991865821e-10 1.17187012212479e-09 -0.0704987345537392
0.083 -6.17861652007342e-10 1.19841739105164e-09 -0.0701960579688023
0.0835 -6.33456562556282e-10 1.20910300235986e-09 -0.0699642917625719
0.084 -6.05788479952997e-10 1.09037006396337e-09 -0.0698370665921667
0.0845 -6.56884302935042e-10 1.05102911421983e-09 -0.0698470451127549
0.085 -5.72810897325856e-10 1.27615183367852e-09 -0.0700878792124596
0.0855 -5.03024924071114e-10 1.32031376675732e-09 -0.0703674289677334
0.086 -5.90885511459438e-10 1.14299022802514e-09 -0.0707193407689686
0.0865 -6.60416336330488e-10 1.11547805269004e-09 -0.071178428367651
0.087 -6.23928317870187e-10 1.01849598430372e-09 -0.0717914886523599
0.0875 -6.70584184276742e-10 9.22213484773431e-10 -0.0726323791042682
0.088 -6.70043425581838e-10 1.00526099195647e-09 -0.0735045043901451
0.0885 -7.04743912624117e-10 1.14147999643881e-09 -0.0740026362382688
0.089 -6.7555693246376e-10 1.19231980379296e-09 -0.0744256024265569
0.0895 -7.59550776977936e-10 1.36666268098794e-09 -0.0746453033466561
0.09 -8.30125561725191e-10 1.48779590032153e-09 -0.0747830796522933
0.0905 -9.27446951838871e-10 1.57277842690209e-09 -0.0748245601338657
0.091 -9.14291512171107e-10 1.37716977659835e-09 -0.0746663470670233
0.0915 -9.07851074060232e-10 1.53799740714746e-09 -0.0743114574515961
0.092 -1.04924381821364e-09 1.69259663838e-09 -0.0739310676352501
0.0925 -1.04154968174797e-09 1.70530448318387e-09 -0.0736033365375161
0.093 -1.06007579436921e-09 1.7165705323201e-09 -0.0733772524632879
0.0935 -1.08332577474491e-09 1.76247754281951e-09 -0.0732826567844203
0.094 -1.1247822698144e-09 1.54719706280914e-09 -0.0734268701977767
0.0945 -1.10306458140678e-09 1.37041401446999e-09 -0.0736677300290126
0.095 -1.19085084723254e-09 1.50549166426411e-09 -0.073976843610437
0.0955 -1.19522118697152e-09 1.63180070024321e-09 -0.0743987398243825
0.096 -1.07059191187248e-09 1.65882571919892e-09 -0.0750396209454745
0.0965 -1.12054265589887e-09 1.65345733725179e-09 -0.07582613903838
0.097 -1.10182631729283e-09 1.63990249969876e-09 -0.0763809080549546
0.0975 -1.25725409602665e-09 1.8455274688818e-09 -0.0770118448416525
0.098 -1.39973623302538e-09 1.9342142651549e-09 -0.0774173351769818
0.0985 -1.39158094923317e-09 1.86473424490025e-09 -0.0776521924413738
0.099 -1.46424000407499e-09 1.86519220301759e-09 -0.0777642270273065
0.0995 -1.43733351910854e-09 1.94941986271198e-09 -0.0777692132767521
0.1 -1.37274763521614e-09 2.06578956451636e-09 -0.0774986858524607
0.1005 -1.50156758107975e-09 2.25940225507894e-09 -0.0770763197680866
0.101 -1.61189758178636e-09 2.42167486904263e-09 -0.0766539765995004
0.1015 -1.68506559683851e-09 2.4474655539991e-09 -0.0763080244409896
0.102 -1.64775348268918e-09 2.47708574225869e-09 -0.0760849942760918
0.1025 -1.64463103308337e-09 2.45582551100107e-09 -0.0760870062789055
0.103 -1.56144893996739e-09 2.62748256138209e-09 -0.0762312449701945
0.1035 -1.51140304941508e-09 2.63123021065679e-09 -0.076467209027144
0.104 -1.66876035742676e-09 2.40894519754568e-09 -0.0768112552083086
0.1045 -1.72573573549025e-09 2.54838512949356e-09 -0.0772983673291482
0.105 -1.63284347652879e-09 2.51854890691528e-09 -0.0780655445884344
0.1055 -1.6166464259583e-09 2.34446890366539e-09 -0.0785680876614267
0.106 -1.85885719440789e-09 2.55994954870203e-09 -0.0793030683658832
0.1065 -1.93573590730905e-09 2.50152969374814e-09 -0.0798262572172649
0.107 -1.99702348883716e-09 2.75907713122602e-09 -0.0800415137835653
0.1075 -2.16312436965714e-09 2.85739288309556e-09 -0.0801481990368718
0.108 -2.15599422482649e-09 2.91812710006366e-09 -0.0801413053677286
0.1085 -2.31698091816894e-09 3.07772871464118e-09 -0.0798478879717666
0.109 -2.41558252574022e-09 3.13948979954008e-09 -0.0794191273638073
0.1095 -2.47045029371149e-09 3.02921318256183e-09 -0.0789651105203833
0.11 -2.57464107080919e-09 3.21352445416982e-09 -0.0785799768749767
0.1105 -2.52322900063082e-09 3.26118937385133e-09 -0.0783199101531935
0.111 -2.53971987792148e-09 3.34560431699665e-09 -0.0782932725716241
0.1115 -2.41209989425198e-09 3.50810265848708e-09 -0.0784161164865668
0.112 -2.37093246270868e-09 3.55700439350189e-09 -0.0786366911902448
0.1125 -2.44321925730999e-09 3.52697110458731e-09 -0.078976117512031
0.113 -2.45791138332124e-09 3.41084720362092e-09 -0.07950413050471
0.1135 -2.45207460377251e-09 3.56562611940973e-09 -0.0802699898573246
0.114 -2.4737586869891e-09 3.38999453605428e-09 -0.0807863816741749
0.1145 -2.77481260032217e-09 3.77063339307288e-09 -0.0814261262815529
0.115 -3.10873540264433e-09 4.06287591604298e-09 -0.0818201668396322
0.1155 -3.20117922088276e-09 4.07888636250012e-09 -0.0820226959377923
0.116 -3.20192185489601e-09 3.95573838023485e-09 -0.0820921287895775
0.1165 -3.10766859493761e-09 3.96267168162258e-09 -0.0820787347969999
0.117 -3.17547722959236e-09 4.41815123561195e-09 -0.0816499102611881
0.1175 -3.43593259082799e-09 4.66052814750311e-09 -0.0811486225122648
0.118 -3.59491215075898e-09 4.74111949850278e-09 -0.0806687200906229
0.1185 -3.68381996487059e-09 4.79950988750286e-09 -0.0802897401585968
0.119 -3.79651030188249e-09 4.90210273135238e-09 -0.080058568788932
0.1195 -3.64619170830453e-09 4.84415755552601e-09 -0.0801057856230429
0.12 -3.53296116598503e-09 5.01596693269717e-09 -0.0802523324269135
0.1205 -3.54612625479649e-09 4.98040322711657e-09 -0.0805038811828828
0.121 -3.7012102456442e-09 5.06754024429989e-09 -0.080900369884301
0.1215 -3.50576823562846e-09 4.68805000565132e-09 -0.081520906840952
0.122 -3.32735089727481e-09 4.24446097789525e-09 -0.0819423801765874
0.1225 -3.93283254615033e-09 5.05848499323976e-09 -0.0827996397869954
0.123 -4.51079874797796e-09 5.74801891822609e-09 -0.0832844425367317
0.1235 -4.6473240159071e-09 5.87685115086232e-09 -0.083541797780444
0.124 -4.66131474607349e-09 5.85350480183716e-09 -0.083655229453092
0.1245 -4.58542579360837e-09 5.96440497992057e-09 -0.0836287201522861
0.125 -4.83155791301808e-09 6.30121198114547e-09 -0.0832986212155778
0.1255 -4.97709026177362e-09 6.47570507344926e-09 -0.0828167702931176
0.126 -5.07426128091628e-09 6.4613090283627e-09 -0.0823078649436489
0.1265 -5.27968191666104e-09 6.68974101860309e-09 -0.0818766533444706
0.127 -5.40633767099746e-09 6.86244523932478e-09 -0.0815845931686991
0.1275 -5.24671612562804e-09 6.81356659534537e-09 -0.0815633054140291
0.128 -5.08733625855062e-09 7.04199364922525e-09 -0.0816703733017221
0.1285 -5.07439449041812e-09 7.14102941853573e-09 -0.0818830322868808
0.129 -5.24952285064182e-09 7.08106053982143e-09 -0.0822423186627039
0.1295 -5.00258803600564e-09 6.56374299602399e-09 -0.082801146443053
0.13 -5.2158570046257e-09 6.6853432029218e-09 -0.0836168394535122
0.1305 -5.43246444628996e-09 7.05755974584449e-09 -0.0840813634042347
0.131 -6.24564511189443e-09 8.10158664157516e-09 -0.0845911369443181
0.1315 -6.61033173599501e-09 8.4659645578718e-09 -0.0848665126538651
0.132 -6.62195784440271e-09 8.55319136179416e-09 -0.0849839789837723
0.1325 -6.47330454664597e-09 8.56729586180707e-09 -0.0849538712678987
0.133 -6.52538417445582e-09 8.82087819241312e-09 -0.08467492098763
0.1335 -6.98172510509325e-09 9.24753253280271e-09 -0.0841495207676272
0.134 -7.27018313256639e-09 9.47373023252655e-09 -0.0836034737187163
0.1345 -7.41347519612522e-09 9.63491829634817e-09 -0.0831412414919717
0.135 -7.49371614180198e-09 9.82615333995555e-09 -0.082824343594748
0.1355 -7.3980070495892e-09 9.74104937213813e-09 -0.0827851416339721
0.136 -7.28038645632513e-09 9.97448535983111e-09 -0.0828751891931287
0.1365 -7.32579599001116e-09 1.00105800707868e-08 -0.0830796555595675
0.137 -7.50334891636902e-09 1.01138675286443e-08 -0.0834378646607182
0.1375 -7.60184582475216e-09 1.02822300483802e-08 -0.0840798162640212
0.138 -7.19479652143846e-09 9.8176772868282e-09 -0.0852952126448638
0.1385 -7.83508352293134e-09 1.06225855512902e-08 -0.0854967177919387
0.139 -8.67913675677059e-09 1.1911907063265e-08 -0.0858320346937948
0.1395 -9.11370432423062e-09 1.23539653333912e-08 -0.0860166235709565
0.14 -9.22299579068867e-09 1.23655718371618e-08 -0.0860835481074003
0.1405 -9.15755932695077e-09 1.2332899203173e-08 -0.0860239390931568
0.141 -9.54312264847283e-09 1.2751916040225e-08 -0.0856590000120039
0.1415 -1.00113708676466e-08 1.32377745193621e-08 -0.0851061404533362
0.142 -1.02963048299261e-08 1.3412035638197e-08 -0.0845563969709272
0.1425 -1.0448831831342e-08 1.35976598832178e-08 -0.0841076727681569
0.143 -1.06985446418957e-08 1.39242005242716e-08 -0.0838169552824705
0.1435 -1.03393701862683e-08 1.36013800352221e-08 -0.0838125447672029
0.144 -1.04564779113986e-08 1.37664663296551e-08 -0.0839399369651808
0.1445 -1.07069262100304e-08 1.39975946728571e-08 -0.0841798210774392
0.145 -1.10899183904855e-08 1.46494702945348e-08 -0.0845793521290807
0.1455 -1.03307308027238e-08 1.37533079454832e-08 -0.0852529351927725
0.146 -1.00954641142717e-08 1.34631312491132e-08 -0.0857254674950025
0.1465 -1.14210710916564e-08 1.52571463964168e-08 -0.0864281551639672
0.147 -1.20342583259932e-08 1.61624769493239e-08 -0.0868664708448518
0.1475 -1.27225808498233e-08 1.70939853623703e-08 -0.0870090800669151
0.148 -1.29746712720312e-08 1.73698412335442e-08 -0.0870227741454028
0.1485 -1.27412382561407e-08 1.72854619046845e-08 -0.0868701522967543
0.149 -1.36996131402023e-08 1.83977537012941e-08 -0.0863830155554915
0.1495 -1.41706652502413e-08 1.87082446652797e-08 -0.0857979367614959
0.15 -1.43883723495283e-08 1.88976142300316e-08 -0.0852591387693772
0.1505 -1.45778513251172e-08 1.92024856276858e-08 -0.0848494674245002
0.151 -1.41899000403127e-08 1.87918019454863e-08 -0.084609957922348
0.1515 -1.44601496425227e-08 1.92631417432351e-08 -0.0847044328523905
0.152 -1.46781958782456e-08 1.95542676614009e-08 -0.0848592395410615
0.1525 -1.5072646458161e-08 1.98507084302048e-08 -0.0851561379519929
0.153 -1.52380590773907e-08 2.03136368327546e-08 -0.0857219903406152
0.1535 -1.5351234301121e-08 2.04033163083362e-08 -0.0864770700946127
0.154 -1.54866750483805e-08 2.07871789743024e-08 -0.0871865945297782
0.1545 -1.75063175877024e-08 2.35304807768723e-08 -0.0875324554790627
0.155 -1.81766255924744e-08 2.43775606510267e-08 -0.0877288964947393
0.1555 -1.84044748394198e-08 2.46809478329253e-08 -0.0878072505108957
0.156 -1.82986425269758e-08 2.46474276373598e-08 -0.0877472507821623
0.1565 -1.91382493448457e-08 2.55748195382229e-08 -0.087366919431318
0.157 -1.96679508681246e-08 2.65155811120018e-08 -0.086820921321781
0.1575 -1.9938990949362e-08 2.67346355746563e-08 -0.0862504217015015
0.158 -2.02135199503393e-08 2.69966926607451e-08 -0.0857710745095953
0.1585 -2.06977186797507e-08 2.75149840546718e-08 -0.0854494225073112
0.159 -2.01616826511351e-08 2.69157294010182e-08 -0.0854200638276277
0.1595 -2.05053447260219e-08 2.74207550798709e-08 -0.0855292346036594
0.16 -2.09198013395288e-08 2.77424769303325e-08 -0.0857571530290176
0.1605 -2.19292579425768e-08 2.91405775942124e-08 -0.086159624484751
0.161 -2.14209912971599e-08 2.85588984976813e-08 -0.0868878125126692
0.1615 -2.09138404810037e-08 2.7982248564498e-08 -0.0877702800572792
0.162 -2.30177366110892e-08 3.08537965280077e-08 -0.0881330628724309
0.1625 -2.52124737979911e-08 3.38326548845932e-08 -0.0883835974548307
0.163 -2.57734735707778e-08 3.46932626483753e-08 -0.0884952802966456
0.1635 -2.58228718898523e-08 3.47789485684882e-08 -0.0884782906948614
0.164 -2.6064062745986e-08 3.51710099938598e-08 -0.0882127994642336
0.1645 -2.74390357408577e-08 3.69719709058845e-08 -0.0877043736736156
0.165 -2.79014162430081e-08 3.75889225835123e-08 -0.0871102598185651
0.1655 -2.8290791486739e-08 3.79559688121828e-08 -0.0865749148799395
0.166 -2.88065242935114e-08 3.86637782068571e-08 -0.0861809945140237
0.1665 -2.82330358411707e-08 3.77946020127202e-08 -0.0860377557050044
0.167 -2.87393665690958e-08 3.87499357438285e-08 -0.0861034110485668
0.1675 -2.92574146177879e-08 3.93553421518046e-08 -0.0862742959767812
0.168 -3.01967185758395e-08 4.03869513067525e-08 -0.08660943110716
0.1685 -2.85218913490687e-08 3.83886332201518e-08 -0.0871906131520902
0.169 -2.67225126246834e-08 3.61947154896669e-08 -0.0875659790847606
0.1695 -3.1263786140067e-08 4.22461965740892e-08 -0.0883868506251764
0.17 -3.3377432620168e-08 4.51408109142582e-08 -0.0888858900447045
0.1705 -3.55641034579937e-08 4.81879819928873e-08 -0.08903648233065
0.171 -3.63239630533043e-08 4.90577047978554e-08 -0.0890562276910682
0.1715 -3.61851555154512e-08 4.88164701582118e-08 -0.0888585206476686
0.172 -3.87535616234455e-08 5.2160418184418e-08 -0.0883973564182595
0.1725 -3.9559871407674e-08 5.32732701619632e-08 -0.0878049026056529
0.173 -4.00745390670965e-08 5.37981820963729e-08 -0.0872442514100288
0.1735 -4.07828262052023e-08 5.45871021213706e-08 -0.086811201443168
0.174 -3.99127431734358e-08 5.33948464079012e-08 -0.0865537994732412
0.1745 -4.07284756517831e-08 5.46106621374874e-08 -0.0866381447124378
0.175 -4.14069033530599e-08 5.55429434272035e-08 -0.0867860410156533
0.1755 -4.24104566784767e-08 5.66806088256712e-08 -0.087087279879265
0.176 -3.99178971353691e-08 5.35529441655073e-08 -0.0875984559636164
0.1765 -3.94056682811531e-08 5.30553473788614e-08 -0.088874331296861
0.177 -4.42222239219423e-08 5.93976180280439e-08 -0.0890723170224672
0.1775 -5.00551802335775e-08 6.7202706503504e-08 -0.0893928851440298
0.178 -5.18173102758082e-08 6.93224891313071e-08 -0.0895519512372786
0.1785 -5.22205248928559e-08 7.00754518574903e-08 -0.0895870191160516
0.179 -5.19627197524039e-08 6.98849107629381e-08 -0.0894767898704735
0.1795 -5.45936975044486e-08 7.34255133451009e-08 -0.088990166271098
0.18 -5.5976396328979e-08 7.53016615836347e-08 -0.0883914092589775
0.1805 -5.67377163079446e-08 7.61714057001372e-08 -0.0878055689313573
0.181 -5.76842898057742e-08 7.73516431301623e-08 -0.087338055747886
0.1815 -5.94638038011903e-08 7.97151620752837e-08 -0.0870598592139865
0.182 -5.834177083152e-08 7.81747651417967e-08 -0.0870938525208357
0.1825 -5.88963382659691e-08 7.92262986595334e-08 -0.0872089141625006
0.183 -6.0072692310268e-08 8.06974139817908e-08 -0.0874815808330879
0.1835 -6.14094184688618e-08 8.24079073963874e-08 -0.0880356711721285
0.184 -6.2064950168687e-08 8.32573217640925e-08 -0.0887717625799754
0.1845 -6.27595580356982e-08 8.4166904795375e-08 -0.0892027392269916
0.185 -6.6429259736824e-08 8.91136920074306e-08 -0.0897665761430158
0.1855 -7.18243253754216e-08 9.6580885369373e-08 -0.0899500639684748
0.186 -7.38857440430038e-08 9.90069345471658e-08 -0.0900004448854501
0.1865 -7.40911453659087e-08 9.92678750468488e-08 -0.0899014417404721
0.187 -7.81367322484608e-08 1.04687955416335e-07 -0.089436224205319
0.1875 -8.01482289367959e-08 1.07420127408031e-07 -0.0888431053942984
0.188 -8.11383995708166e-08 1.08595872423115e-07 -0.0882536100470673
0.1885 -8.24073649178418e-08 1.10137155546443e-07 -0.0877781524166563
0.189 -8.48053858734127e-08 1.13257221353713e-07 -0.0874909658497854
0.1895 -8.31754518332937e-08 1.11131278146492e-07 -0.0875186018746076
0.19 -8.39758971427399e-08 1.12506613213465e-07 -0.0876315343659165
0.1905 -8.54829022153092e-08 1.14509407558362e-07 -0.0878995751161827
0.191 9.96808560994571e-06 -9.93896235059508e-06 -0.0884241547748858
0.1915 3.39726594925726e-06 -3.36776201452874e-06 -0.0891940821429159
0.192 1.04934480851788e-06 -1.01928851003777e-06 -0.0898893724118563
0.1925 4.91348122045722e-06 -1.10952573001972e-05 -0.0902296636711543
0.193 1.0460384081098e-06 -2.68205576732284e-06 -0.0903798880096753
0.1935 -2.56228241889913e-07 1.16232038280715e-07 -0.0904151823686289
0.194 -7.46503559562385e-07 1.16550590114235e-06 -0.0903062729385169
0.1945 -8.38965456268336e-07 1.34663942581965e-06 -0.0898299354864408
0.195 -8.66662889842844e-07 1.39597215613023e-06 -0.0892241023093504
0.1955 -8.73166335884378e-07 1.40396276524811e-06 -0.0886222035432514
0.196 -8.76765268820163e-07 1.40635285543018e-06 -0.088135760651088
0.1965 -8.84414003450404e-07 1.41582293843504e-06 -0.0878393056350871
0.197 -8.7725736569032e-07 1.40384925367516e-06 -0.0878589137701752
0.1975 -8.78316489616675e-07 1.40451829929688e-06 -0.0879637680357152
0.198 -8.81737640621276e-07 1.40861742870024e-06 -0.0882287821027675
0.1985 -8.86944916996658e-07 1.41582342756921e-06 -0.0887790206317855
0.199 -8.89136218060885e-07 1.41871942734011e-06 -0.0895154162777083
0.1995 -8.90500203780372e-07 1.42070224673839e-06 -0.0899351999386679
0.2 -9.10272210337252e-07 1.45014286258554e-06 -0.0904970872485483
0.2005 -9.3978917966525e-07 1.49452610005e-06 -0.0906707243422025
0.201 -9.48798656136259e-07 1.50746441638066e-06 -0.0907121417486939
0.2015 -9.48314124632432e-07 1.50663516824869e-06 -0.0906037466728401
0.202 -9.73687001596849e-07 1.54499304272867e-06 -0.0901157658843054
0.2025 -9.86826174499809e-07 1.56502712949465e-06 -0.0895095148047406
0.203 -9.93315274733477e-07 1.57473051783182e-06 -0.088915382211196
0.2035 -1.00210224239122e-06 1.58796155572915e-06 -0.0884422698250864
0.204 -1.02021459172599e-06 1.61556190767844e-06 -0.088162711225942
0.2045 -1.0067064918133e-06 1.5948938451209e-06 -0.0882006760719263
0.205 -1.01162544711665e-06 1.60267654959411e-06 -0.0883199968538671
0.2055 -1.02251199327277e-06 1.61932704282037e-06 -0.0886031947896488
0.206 -9.84246782128196e-07 1.56034361793555e-06 -0.089101834902693
0.2065 -9.77530359955458e-07 1.54996538896001e-06 -0.090385237180246
0.207 -1.04797952040756e-06 1.6581758091856e-06 -0.090564598485825
0.2075 -1.13238385592854e-06 1.78795114272594e-06 -0.0908681564216995
0.208 -1.15688175674839e-06 1.8254311468286e-06 -0.0910149164422378
0.2085 -1.16319665892265e-06 1.83511967838542e-06 -0.0910324062802762
0.209 -1.13445690565324e-06 1.79095488447164e-06 -0.0909549469166127
0.2095 -1.20163362859072e-06 1.89442432939626e-06 -0.0903975831004489
0.21 -1.2254967284165e-06 1.93091281445151e-06 -0.0897532140399879
0.2105 -1.23801435902169e-06 1.95017932689278e-06 -0.0891475340657159
0.211 -1.25482102920476e-06 1.97643050140942e-06 -0.0886779548112462
0.2115 -1.25552387507432e-06 1.97771916825355e-06 -0.0884806346556638
0.212 -1.26244715681434e-06 1.98839368674461e-06 -0.0884743399719996
0.2125 -1.27393107597794e-06 2.00657077650452e-06 -0.0885989390169362
0.213 -1.29861217413597e-06 2.04465103532742e-06 -0.0888992389269286
0.2135 -1.31451915621107e-06 2.06928524688087e-06 -0.0895130401977761
0.214 -1.21605560326559e-06 1.91600705867944e-06 -0.0898326218763651
0.2145 -1.3565770950018e-06 2.13441020214307e-06 -0.0906370720959059
0.215 -1.42407268941761e-06 2.23912674826957e-06 -0.09112442776873
0.2155 -1.49763223090738e-06 2.35338546293063e-06 -0.0912582169691948
0.216 -1.5176870329705e-06 2.38402605406033e-06 -0.0912590086115394
0.2165 -1.50496290348802e-06 2.36421222008936e-06 -0.0910798793685769
0.217 -1.59792976532311e-06 2.50863084744646e-06 -0.0905400642864295
0.2175 -1.62844185264344e-06 2.55594695618787e-06 -0.0898989164464021
0.218 -1.64676741975423e-06 2.58438712393886e-06 -0.0893155259793095
0.2185 -1.67434450876273e-06 2.62742247380407e-06 -0.0888796095434291
0.219 -1.64231972506008e-06 2.57749376908647e-06 -0.0887056457816781
0.2195 -1.67315645834507e-06 2.62556321953078e-06 -0.0887499625289219
0.22 -1.69817602207081e-06 2.66421291220141e-06 -0.08891259347319
0.2205 -1.75074572163304e-06 2.74602516358946e-06 -0.0892508103930812
0.221 -1.75193087164929e-06 2.74809248632902e-06 -0.0899254509738095
0.2215 -1.67345519060164e-06 2.62565160841923e-06 -0.0903447530122714
0.222 -1.84966651467435e-06 2.90030185659139e-06 -0.0910197799703879
0.2225 -1.95168947710141e-06 3.05947550936735e-06 -0.0914331469502936
0.223 -2.04325887027694e-06 3.20220238802032e-06 -0.0915365308278506
0.2235 -2.0652606897592e-06 3.23609833974885e-06 -0.0915017291396609
0.224 -2.08730598789215e-06 3.27040808245001e-06 -0.0912465196449842
0.2245 -2.19603692846579e-06 3.43961286065217e-06 -0.0906551406352658
0.225 -2.23439642945004e-06 3.49913610062455e-06 -0.0900035644330838
0.2255 -2.26394753506845e-06 3.54554582720504e-06 -0.0894323585378604
0.226 -2.31261467127721e-06 3.62171668149807e-06 -0.0890220866031806
0.2265 -2.2997203559313e-06 3.60158407135057e-06 -0.0889287919903082
0.227 -2.32134945259148e-06 3.63540675360625e-06 -0.088968123181471
0.2275 -2.35470542408712e-06 3.68742717458036e-06 -0.0891533862817223
0.228 -2.49109219709413e-06 3.90015534562916e-06 -0.0895296873979774
0.2285 -2.43455663797078e-06 3.81179404871657e-06 -0.0902586188739081
0.229 -2.3798590789677e-06 3.72641207399876e-06 -0.090697208894229
0.2295 -2.45924585228634e-05 2.59909812126758e-05 -0.0913948352248847
0.23 -8.56699706791815e-06 1.01534236666944e-05 -0.0916068784512703
0.2305 -5.19372402737406e-06 6.82282565348087e-06 -0.0917019644032795
0.231 -4.10820980936893e-06 5.74255058864238e-06 -0.0916436661138911
0.2315 -3.89842243125608e-06 5.57507049261233e-06 -0.0913092981278621
0.232 -3.94469179003264e-06 5.69134593679826e-06 -0.0906940253699655
0.2325 -3.97080998987516e-06 5.74418383468511e-06 -0.0900582566196347
0.233 -4.01039708590823e-06 5.80941437019071e-06 -0.0895262615818882
0.2335 -4.09166061173951e-06 5.93619649924642e-06 -0.0891686373410553
0.234 -4.04817944219145e-06 5.87107906967314e-06 -0.0891452617090298
0.2345 -4.07900010420411e-06 5.92010895476475e-06 -0.0892248152929926
0.235 -4.13076852350911e-06 6.00150308900611e-06 -0.0894603687323752
0.2355 -1.06329194290213e-05 1.23891856364466e-05 -0.0898751506275719
0.236 -8.10544532392978e-06 9.97488738031956e-06 -0.0906777359853569
0.2365 -5.71540531007024e-06 7.64521613092295e-06 -0.0914085805508461
0.237 -5.25639692496942e-06 7.44173648257477e-06 -0.0917272283111197
0.2375 -5.01351047201066e-06 7.27775030851066e-06 -0.0918941172702781
0.238 -4.9260136521194e-06 7.22128600417312e-06 -0.0919319310663154
0.2385 -4.87027861258214e-06 7.16282486994052e-06 -0.09181693485667
0.239 -5.08582022399714e-06 7.49880364805157e-06 -0.0913212427173621
0.2395 -5.20033121830813e-06 7.67463310651522e-06 -0.0906938013598464
0.24 -5.25974048969107e-06 7.76475648671547e-06 -0.0900737802717065
0.2405 -5.3419274244758e-06 7.88879963216422e-06 -0.0895757270431407
0.241 -5.24795250514105e-06 7.74733074210883e-06 -0.0892554262981848
0.2415 -5.35854058679557e-06 7.91450438465355e-06 -0.0892956015228435
0.242 -5.45136303957602e-06 8.05549297826988e-06 -0.0894090792498265
0.2425 -5.57811075243675e-06 8.24720005387051e-06 -0.0896886769222859
0.243 -3.60695677672937e-06 1.85144244932063e-06 -0.0902111645230293
0.2435 -4.57035259149066e-06 7.34024449167521e-05 -0.0906793465277752
0.244 -5.80359269653546e-06 2.48940511255563e-05 -0.0914276114409606
0.2445 -6.35659642193065e-06 1.41865905086722e-05 -0.0919016303933225
0.245 -6.82744569562498e-06 1.11645253169778e-05 -0.0920356208088125
0.2455 -6.96922119413643e-06 1.01987627966159e-05 -0.0920373930659384
0.246 5.68146557738377e-06 -2.85974672451092e-06 -0.0918463366445442
0.2465 -2.10783456389805e-06 5.07081490296412e-06 -0.0913109223724603
0.247 -6.49959795387655e-06 9.51484976937506e-06 -0.0906657846975927
0.2475 -8.04329660527439e-06 1.10978372489249e-05 -0.0900754786367156
0.248 -8.68389568188938e-06 1.18044359155167e-05 -0.0896333667145544
0.2485 -8.85476470203656e-06 1.19723787774839e-05 -0.0894938637564512
0.249 -8.96351972752148e-06 1.21076708759973e-05 -0.0895099228859333
0.2495 -9.07857003064161e-06 1.22707853608095e-05 -0.0896689960519359
0.25 -9.36550888030326e-06 1.26911936415164e-05 -0.090011586192118
0.2505 -1.37510924925969e-05 2.27395469165325e-05 -0.0906784861289674
0.251 -1.09449566782248e-05 1.64107071156438e-05 -0.0915849670669315
0.2515 -1.06349996312339e-05 1.50623911683533e-05 -0.0919271915574665
0.252 -1.0984399771012e-05 1.51898175597744e-05 -0.0921567053085873
0.2525 -1.10202101162993e-05 1.5099422309802e-05 -0.0922435875403186
0.253 -1.09823711454396e-05 1.49939806990926e-05 -0.0921898823756435
0.2535 -1.12402237990478e-05 1.53491722080704e-05 -0.0918384233114043
0.254 -1.16440310795402e-05 1.59253091080492e-05 -0.0912518297307341
0.2545 -1.17970085523077e-05 1.61439561384836e-05 -0.0906076823378485
0.255 -1.19492821068383e-05 1.63628047194114e-05 -0.0900489332269343
0.2555 -1.22220482953723e-05 1.6754787335441e-05 -0.0896565987787437
0.256 -1.19863484328098e-05 1.64204839337653e-05 -0.0895744548187078
0.2565 -1.22075236468184e-05 1.67397424263968e-05 -0.08964226859856
0.257 -1.24267948922207e-05 1.70564379662276e-05 -0.0898523953916579
0.2575 -9.24633577461228e-06 5.97956998966915e-06 -0.0902764334841442
0.258 -1.18720150699932e-05 1.43232054995608e-05 -0.0910353506893324
0.2585 -1.21758912111294e-05 1.62399308785393e-05 -0.0914612834947114
0.259 -2.06959446130223e-05 3.51274257149821e-05 -0.092058307457944
0.2595 -1.68342699364055e-05 2.55434503050225e-05 -0.0922652115877423
0.26 -1.5869322627878e-05 2.30357247138373e-05 -0.092330020498754
0.2605 -1.54849587977887e-05 2.21363386412549e-05 -0.0922405241258816
0.261 -1.59731155475543e-05 2.27439835968203e-05 -0.0918111255903585
0.2615 -1.64525551351879e-05 2.34009161815769e-05 -0.0911707896472611
0.262 -1.66725364577106e-05 2.37066529702242e-05 -0.0905427429000945
0.2625 -1.69349930336359e-05 2.40780378772431e-05 -0.0900392075392003
0.263 -5.98192436721237e-05 6.71965722506295e-05 -0.089729678883393
0.2635 -2.61157947556514e-05 3.33457747652217e-05 -0.0897564629568428
0.264 -2.06107970799622e-05 2.79146067904736e-05 -0.0898669902089497
0.2645 -1.89151523907188e-05 2.63662550364027e-05 -0.090147400190492
0.265 -9.56272044915435e-06 1.66380519414376e-05 -0.0906794852112329
0.2655 -0.000204421142310949 0.000211323088100533 -0.0914975185372425
0.266 -6.15965296524858e-05 6.93952377396804e-05 -0.0919807017766569
0.2665 -3.46263524831561e-05 4.03090343533553e-05 -0.0923863261651927
0.267 -2.6994985944709e-05 3.53435388447407e-05 -0.0924973599927003
0.2675 -2.42434416377121e-05 3.34401880857112e-05 -0.0924839293557681
0.268 -1.02744762697856e-05 1.96331331763618e-05 -0.0922782466229783
0.2685 -1.88427920371358e-05 2.88610408612935e-05 -0.0917230914118706
0.269 -2.35429845663979e-05 3.37819196562366e-05 -0.0910609003174648
0.2695 -2.53241935830159e-05 3.57027029938149e-05 -0.0904568154694951
0.27 -2.63313292700802e-05 3.69180593866517e-05 -0.0900040968906678
0.2705 -2.65373010158098e-05 3.71318255225994e-05 -0.0898566335243646
0.271 -2.68023816983309e-05 3.74804753994009e-05 -0.0898637087957334
0.2715 -2.71744981699528e-05 3.79984758899835e-05 -0.0900176209447549
0.272 -2.83294741537492e-05 3.96766036931458e-05 -0.0903608306566473
0.2725 -3.13089316217955e-05 3.9047924360809e-05 -0.0910261589641326
0.273 -2.89288607309121e-05 3.85272955824889e-05 -0.0919242087491595
0.2735 -7.31049064420525e-07 1.13826291691045e-05 -0.0923524066257423
0.274 -2.7419220946863e-05 4.00203874703714e-05 -0.0925018770171814
0.2745 -3.21188480923362e-05 4.52197019456033e-05 -0.092571477928982
0.275 -3.34509014198635e-05 4.66581326121642e-05 -0.0925091712812663
0.2755 -3.4717039792887e-05 2.62449507330615e-05 -0.0921617382728132
0.276 -3.61253139462366e-05 4.43166582620897e-05 -0.0915576734732703
0.2765 -3.66498154246485e-05 5.059709074125e-05 -0.0909177425798577
0.277 -3.71498605448176e-05 5.32049307855434e-05 -0.0903755829475547
0.2775 -3.80484960995662e-05 5.51375434633613e-05 -0.0900070226265004
0.278 -2.50824315904901e-05 4.22415743531041e-05 -0.0899698933973872
0.2785 -3.34892180780348e-05 5.08722763162056e-05 -0.090047350929372
0.279 -3.69192605723942e-05 5.45720866433561e-05 -0.0902817460564699
0.2795 -3.06964715218531e-05 5.44152308711592e-05 -0.0907427197434188
0.28 -3.80295427141492e-05 5.9806228883499e-05 -0.0915246309182617
0.2805 -3.97771428180113e-05 5.94360936195385e-05 -0.0922273545034628
0.281 -3.36917840386532e-05 5.38687189448418e-05 -0.0925716059429777
0.2815 -4.35238032603816e-05 6.42999475522216e-05 -0.092696868137538
0.282 -4.68590630029122e-05 6.78446843863232e-05 -0.0927112247700735
0.2825 -4.70613219166064e-05 -2.39802677201772e-06 -0.0926034522954577
0.283 -5.02502730149431e-05 5.86130254992864e-05 -0.0920615247985535
0.2835 -5.15555600234067e-05 7.09881801271902e-05 -0.0914082873768035
0.284 -5.22522939146453e-05 7.55857841731009e-05 -0.0907810215429806
0.2845 -5.31978413028165e-05 7.8176995097949e-05 -0.0902878349216644
0.285 -4.17089937451274e-05 6.72358452972513e-05 -0.0900440110695788
0.2855 -5.30161217971764e-05 7.88591346909638e-05 -0.0900471865610876
0.286 -5.431830450096e-05 8.04997433877311e-05 -0.0901657892825024
0.2865 -5.60433472300478e-05 8.28866040819917e-05 -0.0904671115892449
0.287 -5.51745313402695e-05 8.18995271508108e-05 -0.0910853350044662
0.2875 -5.35607684222126e-05 0.000118148246318926 -0.0919644191424876
0.288 -5.94912990921125e-05 0.000108711431907814 -0.0923682665628165
0.2885 -6.32957887342732e-05 0.000104843237765623 -0.0926563332113563
0.289 -6.6889445905037e-05 0.000102373035220143 -0.0927527169048586
0.2895 -6.78414610476656e-05 0.000101059734246644 -0.0927209487003375
0.29 -6.88297557584588e-05 7.30893906451168e-05 -0.0924471042746924
0.2905 -7.23682580324123e-05 9.84021848752467e-05 -0.0918732778758349
0.291 -7.36257073530862e-05 0.000107053421059612 -0.0912261735344671
0.2915 -7.46250113868068e-05 0.000110849242534419 -0.0906565115045893
0.292 -7.63012417977139e-05 0.000114091498680515 -0.0902497416279885
0.2925 -7.36786863484392e-05 0.000111613566519807 -0.0901545855516232
0.293 -7.5873366766457e-05 0.000114167652282045 -0.0902110248235608
0.2935 -7.74620548025459e-05 0.000116262900651192 -0.0904122012642297
0.294 -7.34780718074993e-05 0.000131640970939625 -0.0907873112988536
0.2945 -7.84694609051361e-05 0.000119925607798747 -0.0915548380399142
0.295 -0.000143635821690598 0.000184713648476659 -0.0921852977069274
0.2955 -0.000122184066385609 0.000171189503574154 -0.0926866682869169
0.296 -0.000103909570389765 0.000151804477634629 -0.092844862901714
0.2965 -0.000100474362259863 0.000148209362470504 -0.0928971888016315
0.297 -0.000100914579968139 0.000148392836405997 -0.0927935056272127
0.2975 -0.000104190181363629 0.000153216156809974 -0.0923372427728339
0.298 -0.000107569562842189 0.000158161407040408 -0.0916929296245392
0.2985 -0.000109190769540865 0.000160507345971827 -0.0910502488347427
0.299 -0.000111089234397096 0.000163258313354529 -0.0905283334595521
0.2995 -8.43159469552611e-05 0.000223401322806605 -0.0902117267013532
0.3 -9.35502941810794e-05 0.000164638890493705 -0.0902062610805131
0.3005 -0.000107317886199572 0.000167597972675863 -0.0903045235286165
0.301 -0.000114326914156938 0.000171676415522436 -0.0905752841846719
0.3015 -9.64044134811378e-05 0.000166339921646978 -0.0911172082743147
0.302 -0.00029375031534917 0.000352651602814178 -0.0919177830173567
0.3025 -0.000164579763944934 0.000225936888012289 -0.0923891604941488
0.303 -0.000150078246247226 0.000217387481034216 -0.0927662946631313
0.3035 -0.000146992310608802 0.000215225097685717 -0.0928957382686462
0.304 -0.00014550283688582 0.00021392183488603 -0.0928906095728634
0.3045 -0.00017048731811501 0.000238257314826576 -0.0927086899091303
0.305 -0.00016091798387908 0.000232863850589036 -0.0921332140159189
0.3055 -0.000162126310034846 0.000235532952507158 -0.0914757744449499
0.306 -0.000163605270129988 0.000237986613154582 -0.0908847141568859
0.3065 -0.000166688545349511 0.000242572419748817 -0.0904503350970459
0.307 -0.000143373578188641 0.000250954615666878 -0.0903078862166245
0.3075 -0.000160181691847455 0.000248240834267295 -0.090351656933699
0.308 -0.000167126452786008 0.000248824290620955 -0.0905303658386394
0.3085 -0.000194380907221156 0.00025030491826589 -0.0908895381301145
0.309 -0.000171040445051835 0.000246505810079796 -0.0915959969724093
0.3095 -9.85423887338084e-05 0.00024788484992781 -0.0923468579785474
0.31 -0.000147669130979583 0.000265816396605983 -0.0927680597498081
0.3105 -0.0001935000251766 0.00030243731982579 -0.0929869775712552
0.311 -0.000208845075741915 0.000306776375592159 -0.0930421822650697
0.3115 -0.000215148093541376 0.000309017488695208 -0.0929517312664442
0.312 -0.000228409029733959 0.000350662734227951 -0.0925507773418021
0.3125 -0.00023541204034578 0.000345345266688941 -0.0919143523092836
0.313 -0.000238565106622705 0.000344738500888018 -0.091262150324229
0.3135 -0.000242297659498189 0.0003484054301201 -0.0907210537661632
0.314 -0.000260595518878587 0.000369999238541548 -0.0903841868308409
0.3145 -0.000244149654988672 0.00032974935936999 -0.0903434658937899
0.315 -0.00024854208030458 0.000349193832094767 -0.0904271810848903
0.3155 -0.0002543060619854 0.000362315091419862 -0.0906790071532062
0.316 -0.0002494825304797 0.00034742683830728 -0.0911758480597462
0.3165 -0.000338866860054496 0.000447488767011827 -0.0917357564934627
0.317 -0.000243463434840882 0.000389540139150527 -0.0924004634652553
0.3175 -0.000296445111948906 0.000427099578188612 -0.0928299494277895
0.318 -0.000305857513364445 0.00044394906896279 -0.092996147835255
0.3185 -0.00031020945857575 0.000450417289995148 -0.0930197803822283
0.319 -0.000327960800543361 0.00044256085339205 -0.0928151622461566
0.3195 -0.000350432727182294 0.00048894706137864 -0.092303904476562
0.32 -0.000348235102787141 0.000498104911645376 -0.0916582838745014
0.3205 -0.000349651891593647 0.000504285401279664 -0.0910619453511043
0.321 -0.000355468201567918 0.000514045078253844 -0.090613593878293
0.3215 -0.000365819670461362 0.000515509303153705 -0.0904391911383186
0.322 -0.000358667935206702 0.000517197936991296 -0.0904827186452002
0.3225 -0.000362683945572085 0.000524417848144311 -0.090647141714113
0.323 -0.000382065419274761 0.0005226177292427 -0.0910234914059121
0.3235 -0.00035492957304733 0.000516092350899537 -0.0916566696058332
0.324 -0.000265846790247368 0.000473318141407554 -0.0923714883544462
0.3245 -0.000356228324527952 0.000557043611377831 -0.0928399590375122
0.325 -0.000429913082507717 0.00064295513548185 -0.0931471908901827
0.3255 -0.00044669418690619 0.00065030829022886 -0.0931906559839248
0.326 -0.000445562723900103 0.000647090361539031 -0.0930891266631951
0.3265 -0.000477017470766994 0.000686936759186054 -0.0926905407322621
0.327 -0.000492725949350425 0.000711825952962126 -0.0920877489460168
0.3275 -0.000502085173107812 0.000725138272653601 -0.0914436602677296
0.328 -0.000511080118396574 0.000737933361092194 -0.0908975187346996
0.3285 -0.000543555912828729 0.00077798830500566 -0.0905484656804824
0.329 -0.000507309819025132 0.000738200861523021 -0.0904946425881184
0.3295 -0.00052304416394303 0.000756937798521449 -0.0905718526037818
0.33 -0.000533315600635354 0.000780442667901106 -0.0908348910788389
0.3305 -0.000527845829434812 0.000779695555780984 -0.0913088810990356
0.331 -0.000615193404021487 0.000741888536845109 -0.091978655136915
0.3315 -0.000540347625922257 0.00076415750789743 -0.0925498244434421
0.332 -0.000608857224436135 0.000870229825742435 -0.0929328414582867
0.3325 -0.000647519306171372 0.000952753691322654 -0.0931805412464119
0.333 -0.000659562387968032 0.000956033292890557 -0.0931855167232861
0.3335 -0.000689179519629841 0.000943593499368605 -0.0929851554625324
0.334 -0.000726819904714731 0.00103260931405472 -0.0924934770697362
0.3345 -0.000733584585350697 0.0010557600855039 -0.0918594869958771
0.335 -0.000741216459500857 0.00107098179760253 -0.091264767718579
0.3355 -0.000802145269155497 0.00114019900699352 -0.0908004818863994
0.336 -0.000767114153108284 0.00112288645990422 -0.0906350178516528
0.3365 -0.000746065439548903 0.00109889509194321 -0.0906667736451182
0.337 -0.000767346791681729 0.00114504971686957 -0.090801139350085
0.3375 -0.000776150894688341 0.00113227543274035 -0.0912491945599738
0.338 -0.000784062255863757 0.00113787588933373 -0.0918589341888061
0.3385 -0.000785512219969869 0.00118406309119974 -0.0926331743939917
0.339 -0.000862222285553364 0.00125058392991719 -0.0929753856904917
0.3395 -0.00093133819387213 0.00133160455443368 -0.0932352602073523
0.34 -0.000969206135652774 0.00138696252523235 -0.0934059867457212
0.3405 -0.000959689275635906 0.00139181041608524 -0.0932670844944315
0.341 -0.00100129289371748 0.00145330345960089 -0.0928843980994718
0.3415 -0.00104556740292743 0.00152066151056867 -0.0923144528117175
0.342 -0.00106297053789335 0.00154742954268158 -0.0916873210827364
0.3425 -0.00108215073611283 0.00157555352171301 -0.09115045594585
0.343 -0.00107162975815211 0.00166635977392054 -0.0908037677395222
0.3435 -0.00112406327495773 0.00161840525845997 -0.0907570956931503
0.344 -0.00111675258212234 0.00162934118592326 -0.0908790411830798
0.3445 -0.00113676101254508 0.0016438842701371 -0.0911764430552161
0.345 -0.00114103841772402 0.00166685319610982 -0.0916574180957452
0.3455 -0.0012062906299064 0.00167531299742152 -0.0921849644427248
0.346 -0.00120549196476051 0.00173123177144156 -0.0927495924803452
0.3465 -0.00131696875140318 0.00191775337942141 -0.0931128923718332
0.347 -0.00138839652762396 0.0020043373757484 -0.093343587372283
0.3475 -0.00140720854176632 0.00205064020408474 -0.0934044633514964
0.348 -0.00145764777536461 0.00210042653407952 -0.0931822738902376
0.3485 -0.00149060582087745 0.002192910245051 -0.0927229774867786
0.349 -0.00151669513883886 0.00224649099462358 -0.0922167542440068
0.3495 -0.00154742146828544 0.00229593226618641 -0.0916857394123428
0.35 -0.00158348834275943 0.00234414153530802 -0.0913013709827096
0.3505 -0.00164765282150596 0.0023432801533798 -0.0911746232226705
0.351 -0.0016271578842808 0.0023955493356153 -0.0912513213552461
0.3515 -0.00162874823028995 0.00240271855626175 -0.0914918006101389
0.352 -0.00164011677549045 0.00243086640856426 -0.0918984659066192
0.3525 -0.00166810972606809 0.00242592352405921 -0.0924758804540449
0.353 -0.00168080488573559 0.00248239224565116 -0.0929570163898629
0.3535 -0.00182021639773056 0.00268356399491222 -0.0933282109501735
0.354 -0.00195034489239256 0.00287588296689236 -0.0935981282894805
0.3545 -0.00201922639623939 0.00296536980356641 -0.0936949778801245
0.355 -0.0021421950700158 0.00303171938304629 -0.0935895183834515
0.3555 -0.00215814978533846 0.0031467513088863 -0.0932430981482015
0.356 -0.00220730178954208 0.0032425910256253 -0.0927721993070096
0.3565 -0.00221581622668356 0.00327737701348669 -0.0923295188513457
0.357 -0.00227664369208686 0.00336653311694366 -0.0919552782981907
0.3575 -0.00229399730225418 0.0034215306588688 -0.0917967483554799
0.358 -0.00233950396786605 0.00346321944611273 -0.091795850563408
0.3585 -0.00236372544729292 0.00350426559741353 -0.09194040435335
0.359 -0.00237306565293242 0.00351972505144686 -0.0922460862126395
0.3595 -0.00240644445951119 0.00354441519322905 -0.0926917425794432
0.36 -0.00241898884582716 0.00363112457408991 -0.093065876146246
0.3605 -0.00258176101603437 0.00383767369264023 -0.0935587349212876
0.361 -0.00275103132061144 0.00410460594762602 -0.0938413642707843
0.3615 -0.00289661945999936 0.0042602050922932 -0.0939929078211023
0.362 -0.00306551476346819 0.00441946008977181 -0.0940686385578973
0.3625 -0.00310772002737255 0.0045012728377946 -0.093812522202539
0.363 -0.00309916397629451 0.00457615057329391 -0.093454394404777
0.3635 -0.00311503187609627 0.00464499351620852 -0.0930528983752027
0.364 -0.00312562680742584 0.00469666965283654 -0.0927143576432928
0.3645 -0.00313017215463241 0.00479631167339794 -0.0925360957765763
0.365 -0.00321961662124546 0.00482793302066037 -0.0925935621001045
0.3655 -0.00324378607318095 0.0048697980986833 -0.0928139456107006
0.366 -0.00323432821282118 0.00492794232180406 -0.0931146602677393
0.3665 -0.00334500773566375 0.00493953387668881 -0.0934972724284031
0.367 -0.00330352886937792 0.00506867608477908 -0.0938396075447325
0.3675 -0.00341883766602698 0.0052870318611902 -0.0942852914159473
0.368 -0.00364698325164467 0.0055517309291747 -0.0947585446000134
0.3685 -0.00394711349408622 0.0058627176227144 -0.0950114406147915
0.369 -0.00409392674817812 0.0060570211104024 -0.0950803159799238
0.3695 -0.00417461468651094 0.0061487906439264 -0.0949637349367922
0.37 -0.00413366460787305 0.00626416697168968 -0.0947196292807629
0.3705 -0.00411089846981394 0.00627514429469195 -0.0943645829413585
0.371 -0.00410789627158227 0.00634014009581478 -0.0940184790888519
0.3715 -0.00413559401483743 0.00641428139234939 -0.0938210863956589
0.372 -0.00425456882913935 0.00638954426884377 -0.0937469828141997
0.3725 -0.00424472437037003 0.00657780809117928 -0.0938985296775742
0.373 -0.00439154642780895 0.00667833970674672 -0.0941000977839358
0.3735 -0.0043929400143741 0.0067481583286302 -0.0942839682814154
0.374 -0.0043561290314318 0.00688364064971912 -0.0945282791895962
0.3745 -0.00446152987553976 0.00714778201207007 -0.0949705069254885
0.375 -0.00478367278102357 0.00751472745935658 -0.095427215132811
0.3755 -0.00523082247939633 0.00788636105198364 -0.0958416411892725
0.376 -0.00548303241255062 0.00818921482712888 -0.0960514203798766
0.3765 -0.00555622678850432 0.00831549866334293 -0.0960402444777598
0.377 -0.00548091070227706 0.00830539439038367 -0.0958844520534973
0.3775 -0.0053976835636278 0.0083628059769368 -0.0957025692029251
0.378 -0.00535833849754687 0.00838555591489767 -0.0955853456906265
0.3785 -0.0053488614107072 0.00840910513020281 -0.0955076860707929
0.379 -0.00541457668919236 0.00857367815691066 -0.0954704262866957
0.3795 -0.00559304272029407 0.00866056636562781 -0.0955373897302053
0.38 -0.00564045182109975 0.00880808888076031 -0.0954880891724629
0.3805 -0.00564467183549401 0.0088455204210955 -0.0954210981288689
0.381 -0.00560150285729447 0.00889470859864924 -0.095451500985013
0.3815 -0.00581361854461928 0.00905645185673216 -0.0956025731383468
0.382 -0.00623289419666909 0.00927952085317872 -0.0959269332939899
0.3825 -0.00661990960822687 0.00941139492320533 -0.0961862638032973
0.383 -0.00691867545542547 0.00943746995798668 -0.0963352794896552
0.3835 -0.00708514459001584 0.00955467999729425 -0.0965441857401183
0.384 -0.00702970211695187 0.0095339238036351 -0.0966463502669969
0.3845 -0.00696064417507232 0.00937902352572958 -0.0966629843064681
0.385 -0.00697435620055429 0.00955724004924448 -0.0967657292429402
0.3855 -0.00702911222936116 0.00952229832595174 -0.096626713998191
0.386 -0.00721678405225065 0.0095081616182479 -0.0964818347049677
0.3865 -0.00732817378968832 0.00946862409359321 -0.0962578387082602
0.387 -0.00740481083052545 0.00943145941541744 -0.0958812106687131
0.3875 -0.00734827607852425 0.00937814290911988 -0.0955831047315238
0.388 -0.00750923735265819 0.00926121644476874 -0.0952348797486667
0.3885 -0.00788809595024325 0.00913653320062844 -0.0953672030408829
0.389 -0.00819692722928088 0.00893386514996777 -0.0954778047313793
0.3895 -0.00860292607707169 0.00885228897038778 -0.0957244803951768
0.39 -0.00887172254959385 0.0088113398335157 -0.0958681239643903
0.3905 -0.00895253517945044 0.00869613671222889 -0.0961679465477075
0.391 -0.00905035362317556 0.00858256933330498 -0.0965021644960134
0.3915 -0.00903892548317108 0.00859253401406799 -0.096776090511734
0.392 -0.00902529686952133 0.00852588671789747 -0.0967673724423747
0.3925 -0.00898651967535928 0.00849988512038191 -0.0967367685090106
0.393 -0.00909988130413848 0.00848276784622434 -0.0964522865160885
0.3935 -0.00910699785648328 0.00838846582837605 -0.0960320799235453
0.394 -0.00912057232811402 0.00835979889097735 -0.0956363267164753
0.3945 -0.00912266705763447 0.00828678795619357 -0.0951643323851264
0.395 -0.00915615517534845 0.00812425505099942 -0.0949996882863076
0.3955 -0.00914726221106153 0.00773556927566592 -0.0950173141102275
0.396 -0.00914935456859295 0.00739711082788177 -0.0951422820917454
0.3965 -0.00913660972550623 0.00711922518401775 -0.0952766945548483
0.397 -0.00912353443928551 0.00688328359658787 -0.0953876639450267
0.3975 -0.00905111097882147 0.00680257087019938 -0.0955366530687828
0.398 -0.00896393432060221 0.00697450085642101 -0.0955980154708132
0.3985 -0.00896485164825558 0.00720112569404483 -0.0955345015428038
0.399 -0.00895061314884138 0.00736998261616915 -0.0953340499786142
0.3995 -0.00889415307318694 0.00742012335099645 -0.0951627271836007
0.4 -0.00879374051029158 0.00741880980001717 -0.0949029615930007
0.4005 -0.00865615932723581 0.00732173672516204 -0.0946890849247328
0.401 -0.00851217241680265 0.00732249122368023 -0.0944815838910106
0.4015 -0.00835443265029099 0.0074078572182784 -0.0944470902603292
0.402 -0.00819795503686394 0.00739277633813697 -0.0944733871950517
0.4025 -0.00796885979743196 0.00718799457064363 -0.0947258579676274
0.403 -0.00769276464725699 0.00680954876894769 -0.0950331967951072
0.4035 -0.00744812435787602 0.00645283258287769 -0.0952719434697959
0.404 -0.00725848197602942 0.00637300236837888 -0.0953800975858911
0.4045 -0.00720300294484008 0.00646923648669893 -0.0952559677192993
0.405 -0.00723172649194457 0.00675281942108324 -0.0950437443572258
0.4055 -0.0072586474888278 0.00702374941553939 -0.0947831134104166
0.406 -0.0071845969165107 0.00726703782802135 -0.0945418748843151
0.4065 -0.00719630912450462 0.00742316036216723 -0.0943409107675166
0.407 -0.00714327896787335 0.00752277153422666 -0.0941879309624752
0.4075 -0.00696764642095892 0.00755131212955317 -0.0941676200996816
0.408 -0.00689263190447673 0.00757941367558775 -0.0942540082032144
0.4085 -0.00683106208605931 0.00762258988945334 -0.094446456644341
0.409 -0.00663101614138495 0.007682498144051 -0.0947525122903054
0.4095 -0.00632017870230497 0.00763370824856043 -0.0950858013634504
0.41 -0.00606342954990781 0.00740063094439953 -0.0954078701351924
0.4105 -0.00584771253976104 0.00716277281555208 -0.095387974360498
0.411 -0.00566704653231315 0.0071751631489801 -0.0952324064300627
0.4115 -0.00561829700916773 0.00734884933183559 -0.0947724961601146
0.412 -0.00561248416782076 0.00757825190666056 -0.0941748994603414
0.4125 -0.00558492357261537 0.00777433433384494 -0.0935224796810544
0.413 -0.00552756992738918 0.00793978742527428 -0.0929696733138828
0.4135 -0.00543984712358723 0.00808136465809325 -0.0925112091290537
0.414 -0.00533741429776593 0.00818770210289959 -0.0921785192234594
0.4145 -0.00520532363282189 0.00824575020839127 -0.0918960578245868
0.415 -0.00510844730680764 0.00832369737449073 -0.0917491400901327
0.4155 -0.00499847822254066 0.00838458098273936 -0.0917621887013837
0.416 -0.00487376936121183 0.00841984673917426 -0.0919227975974293
0.4165 -0.00458589310006913 0.00850944824064164 -0.0922273609697173
0.417 -0.0042429298256071 0.00848248176736857 -0.0925238718475605
0.4175 -0.00414538183501678 0.0085322658469137 -0.0925852543658138
0.418 -0.00392294740135682 0.00869667179451123 -0.0928140392243089
0.4185 -0.00380954092109802 0.00889272619502698 -0.0927611305577137
0.419 -0.00374029747035824 0.00911571869252085 -0.0926013050391199
0.4195 -0.00366887054199553 0.00936613584992394 -0.0924310686113189
0.42 -0.00365156595849465 0.0095544288087627 -0.0922339303497357
0.4205 -0.00367204599333064 0.00979581298799058 -0.0920788496418024
0.421 -0.00376868997471261 0.010026683124037 -0.0920193900001531
0.4215 -0.00393597227141211 0.0102612400587188 -0.0920166971846411
0.422 -0.00410396731391182 0.0104600730727471 -0.0919616150013636
0.4225 -0.00428216793591691 0.0106091811643368 -0.0920408831209512
0.423 -0.00438197959728287 0.0109142432132465 -0.0920073122008454
0.4235 -0.00443138565170238 0.0111058123522218 -0.0916671778718197
0.424 -0.00443301549786387 0.0113920204415894 -0.091028073017643
0.4245 -0.00438454982775024 0.0116895276762846 -0.0899329687188956
0.425 -0.00438401683682028 0.0118853747290466 -0.0880982471644529
0.4255 -0.00440509398960367 0.0120222571057812 -0.0857136564388045
0.426 -0.00459044001512065 0.0121546428095878 -0.0829332835820409
0.4265 -0.00474468781676057 0.0121958199561969 -0.0800054017746052
0.427 -0.00480338758990293 0.0120291017291767 -0.07696931111976
0.4275 -0.00489556817187366 0.0118211148966659 -0.0739872470621665
0.428 -0.00499254520256782 0.011684109942927 -0.0713026004618613
0.4285 -0.00512645293771069 0.0116117155368984 -0.0689910605622255
0.429 -0.00526355092638389 0.0115629616152807 -0.0670390361145148
0.4295 -0.00544543573498525 0.0117330386798781 -0.0654395384152326
0.43 -0.00483413354012923 0.0125286849338741 0.0366319404796811
0.4305 -0.0046636952891388 0.0144036657474949 0.0284766378709047
0.431 -0.00480337114213767 0.0154198073842967 0.0239638075605008
0.4315 -0.00502870776943714 0.0160829556453512 0.0206834663710195
0.432 -0.00526209659699083 0.0165590826779402 0.0179974505680692
0.4325 -0.00545662129674088 0.0169412524490379 0.0157455746558738
0.433 -0.00562312291739074 0.0172588857798688 0.0138023788237259
0.4335 -0.00576568145552377 0.0175376475454302 0.0120959759129206
0.434 -0.00588932461617257 0.0177912348994521 0.0105731771351902
0.4345 -0.00601591204716573 0.0180332910975629 0.00928454777428269
0.435 -0.00610429391919134 0.0181330460664981 0.00809223936544347
0.4355 -0.00619453310413439 0.0182394457130804 0.00697086954404518
0.436 -0.00628331176000596 0.0183199161532734 0.00592857548144647
0.4365 -0.00636570664742298 0.0183864090869287 0.00494618687024268
0.437 -0.00645045684511034 0.0184445117550409 0.0040298954335279
0.4375 -0.00653829258366131 0.0185152883305717 0.0031277618562341
0.438 -0.00662261485102437 0.0185795481135618 0.00226277200948443
0.4385 -0.00670730666201929 0.018639839112483 0.00141845712585225
0.439 -0.00678575542919594 0.018680188969721 0.000567885896480751
0.4395 -0.00687619761912757 0.0187271938073339 -0.000304682936872544
0.44 -0.00696540540747868 0.0187664208072292 -0.00113671678417338
0.4405 -0.00705564126821985 0.0187976096890407 -0.00193207641087968
0.441 -0.0071480221045041 0.0188205365187286 -0.00269074931763292
0.4415 -0.0072365201403016 0.0188305802526986 -0.00337715862171493
0.442 -0.00735719285159865 0.0188286677129926 -0.00400396534290347
0.4425 -0.00748553179286497 0.0188286511014788 -0.00459289273206098
0.443 -0.0076138078104387 0.0188204816176598 -0.00512989190575938
0.4435 -0.00774614535084795 0.018807548535832 -0.00561667851757461
0.444 -0.00788199968251506 0.0187906431733066 -0.00606150069420153
0.4445 -0.00802093462873053 0.0187725806746974 -0.00646811221894833
0.445 -0.00816251445563249 0.0187558307717011 -0.00684016053550543
0.4455 -0.00831204576690235 0.0187469452964268 -0.00716766328465084
0.446 -0.00846572059299756 0.0187478005467505 -0.00743573503528747
0.4465 -0.00862061277417215 0.018752464828008 -0.00767948881899099
0.447 -0.0087951781970608 0.0187276762895247 -0.00791759211297137
0.4475 -0.00897946381968802 0.0187966498378969 -0.00818615798615605
0.448 -0.00913008594463068 0.0187809093226161 -0.00837567738333886
0.4485 -0.00929941324957419 0.0187778891622217 -0.00856029078884224
0.449 -0.00947535670996809 0.0187720773184141 -0.00873427552776818
0.4495 -0.00965602101594626 0.0187638395391241 -0.00890054133276406
0.45 -0.00983996341309486 0.0187538703116043 -0.00906332327857328
0.4505 -0.0100356805048521 0.0187499487602341 -0.00923309028573533
0.451 -0.0102180335652907 0.018732574636973 -0.009386491227085
0.4515 -0.010416683978756 0.0187245269057115 -0.00955233960714244
0.452 -0.0105818051144972 0.0186948175647663 -0.00974095667217804
0.4525 -0.0107570204089211 0.018672501562258 -0.0099123563365551
0.453 -0.0109380274271032 0.018656971097298 -0.0100736952609228
0.4535 -0.0111908624557055 0.0186454070358514 -0.0101456244267717
0.454 -0.0114634455245312 0.0186315291634337 -0.0102160311923191
0.4545 -0.0117253917753674 0.0186320660797658 -0.0102807851801577
0.455 -0.0120654061506435 0.0186469822346296 -0.0103763752757111
0.4555 -0.0124058762766502 0.0187074952636324 -0.0104032171392916
0.456 -0.010264092623611 0.015212523312658 0.00581897131118015
0.4565 -0.0109217961709593 0.0155621083632805 0.00476089300555554
0.457 -0.0113302682254252 0.0156908936447896 0.00409887534316188
0.4575 -0.0116404018354328 0.015747022033161 0.00355234694184296
0.458 -0.0118996651276811 0.015772571815893 0.00308000935006984
0.4585 -0.0121270379616888 0.0157770060909524 0.0026714217366797
0.459 -0.0123413628358924 0.0157791823363178 0.0023455454268303
0.4595 -0.0125466311020014 0.0157783019436333 0.00207528724657167
0.46 -0.01273924297505 0.0157780808074914 0.00182330567822749
0.4605 -0.0129205552640048 0.0157800572950797 0.00158644712533807
0.461 -0.0130928462095487 0.0157859213624602 0.00135965762288017
0.4615 -0.0132582886551702 0.015794746515391 0.00114374804549657
0.462 -0.0134172867017189 0.0158115936122172 0.000901146458880109
0.4625 -0.0135578863180878 0.0158282510585736 0.000708621738451379
0.463 -0.0136833582347029 0.0158464884342029 0.000512178286549587
0.4635 -0.0137885698086507 0.0158586283672933 0.000342155204800263
0.464 -0.0138968799328158 0.0158947049641109 0.000193169033520115
0.4645 -0.0139715367816698 0.015923524800195 2.01736965918126e-05
0.465 -0.0140452150809425 0.0159680924589116 -0.000165114682736296
0.4655 -0.014107738469945 0.0160120915618834 -0.000348913290849761
0.466 -0.0141694215762055 0.0160574104284328 -0.000540904803475812
0.4665 -0.0142176220699748 0.0160945450399045 -0.000732980142857493
0.467 -0.0142604581697551 0.0161297162555815 -0.000885879195029772
0.4675 -0.0142980822303771 0.0161675424217233 -0.00104569347509657
0.468 -0.0143253581242852 0.0162090259646101 -0.0012292180638207
0.4685 -0.014353137415713 0.016244414041914 -0.00142412404328506
0.469 -0.0143787991076299 0.0162785707067552 -0.00162403926829573
0.4695 -0.0144123570292034 0.0163304373736739 -0.00184978528245438
0.47 -0.0144190771371971 0.0163447142913565 -0.00205789166746955
0.4705 -0.0144318484195397 0.0163634042341522 -0.00226433796757806
0.471 -0.014443129519331 0.0163837224581037 -0.00246002550663798
0.4715 -0.0144529937315263 0.0164037728120582 -0.00265861064858187
0.472 -0.0144623296397932 0.0164233707286142 -0.00286442701812421
0.4725 -0.0144730226587624 0.0164433978383993 -0.00308001152027123
0.473 -0.0144876058534039 0.016464920517658 -0.00330774073004421
0.4735 -0.0145203790564575 0.0164856718131049 -0.00355165255886476
0.474 -0.0145380898926786 0.0165252506038983 -0.00381103808226382
0.4745 -0.0145443964411097 0.0165876131032594 -0.00409054475772534
0.475 -0.0141483377401514 0.0168109828075068 0.00220393464750204
0.4755 -0.0141122653871044 0.0167713448242269 0.00153854639681469
0.476 -0.0141087996966321 0.0167697240438604 0.0010728490476341
0.4765 -0.0141170540821494 0.0167782403653752 0.000662179358676951
0.477 -0.0141310122464955 0.0167897074264536 0.000284342281914376
0.4775 -0.0141456320778551 0.0168126290196865 -4.87221885795076e-05
0.478 -0.014162274622534 0.016817433582296 -0.000339717939725708
0.4785 -0.0141821074411095 0.0168300602531444 -0.000607894084552074
0.479 -0.0141953721238016 0.0168420522111377 -0.000855151594272101
0.4795 -0.0142079487952083 0.0168464886947256 -0.00106510809184671
0.48 -0.0142177136852776 0.0168506446879931 -0.00126274189799828
0.4805 -0.0142252768891462 0.016853671974688 -0.00145184262484692
0.481 -0.0139522041462404 0.0170330925096351 -0.000223693894073213
0.4815 -0.0142042826906336 0.0168795956810757 0.000742736807544621
0.482 -0.0142126319216819 0.0168848322408392 0.000388749257852105
0.4825 -0.0141892546805181 0.0168719519314316 8.98599230541863e-05
0.483 -0.0142048218421642 0.0168688422490585 -0.000207634148673429
0.4835 -0.0142049995343107 0.0168591927918823 -0.000491521826405843
0.484 -0.0142035594621177 0.0168462239944409 -0.000792388565282338
0.4845 -0.0142067600616997 0.016835746228957 0.000729443820775326
0.485 -0.0141981110019722 0.0168523665573278 0.000199562935229958
0.4855 -0.0142118756938107 0.0168557821305654 -0.000190211329327798
0.486 -0.0142016735474034 0.0168396630287923 -0.000561997515078445
0.4865 -0.0141966867495025 0.0168392937591258 0.000266852345235259
0.487 -0.0141944198104877 0.0168363895999596 -0.000106080024978729
0.4875 -0.0141454836673053 0.0168728936468182 -0.000212185180340081
0.488 -0.0141926836529027 0.0168381077483667 6.59810631599299e-05
0.4885 -0.0141893192985221 0.0168480893134124 -0.000183625669403291
0.489 -0.0142027379169961 0.0168531241682595 5.2208243694454e-05
0.4895 -0.0141823464571507 0.0168683213409462 -2.69055369910426e-05
0.49 -0.0142173792439196 0.0168828635971977 -3.86047955142464e-05
0.4905 -0.014240229513633 0.0168929114941958 4.48645687286243e-05
0.491 -0.0142634105691951 0.0168995325945225 -1.04235060501828e-05
0.4915 -0.0142770266181602 0.0169028166197954 -4.78363862854752e-06
0.492 -0.0143273658370785 0.0169360676593897 2.68796819166813e-05
0.4925 -0.0143230034268873 0.0169262273680366 -1.73045199273736e-05
0.493 -0.0143309385839963 0.0169315175492227 7.94090450493155e-06
0.4935 -0.0143399057951241 0.0169397962785362 8.92346317369256e-07
0.494 -0.014348769310463 0.0169485835898795 -4.42587369176315e-06
0.4945 -0.0143539017907495 0.0169465787214934 2.6364071941515e-05
0.495 -0.0143631978905558 0.0169558404067843 3.21165862868088e-07
0.4955 -0.014369617502262 0.0169623124141575 -9.67882308653523e-06
0.496 -0.0143746694421321 0.0169622923679625 -1.02559047670069e-05
0.4965 -0.0143968285907199 0.0169703354094621 5.88854774729572e-06
0.497 -0.0144095392850246 0.0169622669339678 -1.38240375534854e-05
0.4975 -0.0144211991678205 0.0169486739975756 7.91166973676609e-06
0.498 -0.0144324894549368 0.0169291561893408 -1.38753275049695e-05
0.4985 -0.0144476324012487 0.016912152367793 -3.01579892046047e-06
0.499 -0.0144538049822865 0.0168919003547764 1.39455004530599e-05
0.4995 -0.0144568623482062 0.0168697880342288 -1.15505354242098e-05
0.5 -0.0144589521556816 0.016848143004733 5.56861478383435e-06
