#
0.00125 0.004999999999905  0.00499999999986687  0.0349975365441822
0.0025 0.00499999999971612  0.00499999999937103  0.0349926602823519
0.00375 0.00500000000042519  0.00499999999864395  0.0349853990403447
0.005 0.00500000000139545  0.00499999999779264  0.0349757674442193
0.00625 0.00500000000271367  0.00499999999700304  0.0349637623944221
0.0075 0.00500000000416033  0.00499999999626679  0.0349493142637838
0.00875 0.00500000000533876  0.00499999999560764  0.0349324031822896
0.01 0.00500000000603848  0.00499999999497089  0.0349132114608196
0.01125 0.00500000000632165  0.00499999999430618  0.0348918517143469
0.0125 0.00500000000609605  0.0049999999936328  0.0348684021089179
0.01375 0.00500000000541221  0.00499999999292502  0.034842899114672
0.015 0.00500000000436656  0.00499999999208007  0.0348153474264654
0.01625 0.00500000000272454  0.00499999999108427  0.034785764984515
0.0175 0.005000000000634  0.00499999998970126  0.0347541981383094
0.01875 0.00499999999785207  0.00499999998772222  0.0347206256890841
0.02 0.00499999999424029  0.00499999998477266  0.0346848912204864
0.02125 0.00499999998984863  0.00499999998106305  0.0346471006042935
0.0225 0.00499999998433719  0.00499999997617977  0.0346073247779417
0.02375 0.00499999997795252  0.00499999997020255  0.0345654915036174
0.025 0.00499999997038058  0.00499999996300671  0.0345218576919478
0.02625 0.00499999996175887  0.0049999999548845  0.0344764858553619
0.0275 0.00499999995189953  0.00499999994553589  0.0344293710782571
0.02875 0.00499999994077154  0.00499999993483259  0.0343805338051173
0.03 0.00499999992910763  0.00499999992341846  0.0343297197092988
0.03125 0.00499999991692484  0.00499999991143972  0.0342771056762118
0.0325 0.00499999990425368  0.0049999998989422  0.0342226877860549
0.03375 0.00499999989102989  0.00499999988594094  0.0341667061196778
0.035 0.00499999987774681  0.0049999998729388  0.0341091914827971
0.03625 0.00499999986472109  0.00499999986017466  0.0340501781956348
0.0375 0.0049999998532669  0.00499999984865206  0.0339895148936794
0.03875 0.00499999984145659  0.0049999998365648  0.0339272036954301
0.04 0.00499999982900572  0.00499999982356038  0.0338634130252251
0.04125 0.00499999981766254  0.00499999981160247  0.0337982943380496
0.0425 0.00499999980766342  0.00499999980089429  0.0337318291989696
0.04375 0.00499999979985956  0.00499999979194665  0.0336639723315229
0.045 0.00499999979503136  0.00499999978543706  0.0335946572992979
0.04625 0.00499999979150484  0.00499999977968786  0.0335241539718965
0.0475 0.00499999978820576  0.0049999997739901  0.0334524645498841
0.04875 0.00499999978546016  0.00499999976857204  0.0333795946424551
0.05 0.00499999978234518  0.00499999976154654  0.0333055646750544
0.05125 0.00499999977995203  0.00499999975427402  0.033230398014063
0.0525 0.00499999977802921  0.00499999974669541  0.0331541844780869
0.05375 0.00499999977788278  0.0049999997406151  0.0330769091082923
0.055 0.0049999997786883  0.00499999973452729  0.0329986389279521
0.05625 0.00499999977820426  0.00499999972582815  0.0329191828512728
0.0575 0.00499999977962136  0.00499999971837714  0.0328385366833526
0.05875 0.00499999978300182  0.00499999971231761  0.0327569894933231
0.06 0.00499999978836453  0.00499999970754988  0.0326745691146578
0.06125 0.00499999979559265  0.00499999970473245  0.0325912314231224
0.0625 0.00499999980353932  0.00499999970170545  0.0325071443367407
0.06375 0.00499999981189566  0.00499999969780574  0.0324222185970131
0.065 0.004999999821398  0.00499999969449382  0.0323363056326217
0.06625 0.00499999983230592  0.00499999969223485  0.0322491766955681
0.0675 0.00499999984467713  0.00499999969116323  0.0321610646256276
0.06875 0.00499999985830295  0.00499999969056761  0.032072261304335
0.07 0.0049999998724639  0.00499999968963239  0.031982481326672
0.07125 0.00499999988686883  0.00499999968746771  0.0318916175523481
0.0725 0.00499999990224723  0.00499999968602191  0.0317999749138666
0.07375 0.00499999991804917  0.00499999968330449  0.0317077504535202
0.075 0.00499999993473225  0.00499999968317682  0.0316150239280793
0.07625 0.00499999995115052  0.00499999968115972  0.0315213651959361
0.0775 0.00499999996854405  0.00499999968073964  0.0314271376357804
0.07875 0.00499999998633169  0.00499999967961759  0.0313322011838492
0.08 0.00500000000448482  0.00499999968097929  0.03123648506148
0.08125 0.0050000000228204  0.00499999968174864  0.0311404225938706
0.0825 0.00500000004145085  0.00499999968290171  0.0310438976005151
0.08375 0.00500000005967231  0.00499999968521022  0.030947034867696
0.085 0.00500000007826226  0.00499999968507223  0.0308493508863716
0.08625 0.00500000009635869  0.00499999968823288  0.0307512103605267
0.0875 0.00500000011393225  0.00499999969295413  0.0306527831258826
0.08875 0.00500000013250194  0.00499999969422982  0.0305537263519701
0.09 0.00500000014997335  0.00499999969789282  0.0304541134153978
0.09125 0.00500000016615866  0.00499999970359588  0.0303541906643131
0.0925 0.00500000018057939  0.00499999971170952  0.0302540522461965
0.09375 0.00500000019594337  0.00499999971817401  0.0301537187291698
0.095 0.00500000021200121  0.00499999972352293  0.0300530418151649
0.09625 0.00500000022869152  0.00499999972760059  0.0299515754451182
0.0975 0.00500000022728711  0.0049999997530045  0.029849517443024
0.09875 0.00500000022300818  0.00499999978123634  0.0297471391981743
0.1 0.00500000021191108  0.0049999998153458  0.0296444952593499
0.10125 0.00500000019399849  0.00499999985553808  0.0295415380075541
0.1025 0.00500000017637577  0.00499999989505321  0.0294384611255338
0.10375 0.00500000015789246  0.00499999993453841  0.0293352388589324
0.105 0.00500000013892215  0.00499999997371106  0.0292318153944959
0.10625 0.0050000001206294  0.00500000001217918  0.0291282952679486
0.1075 0.00500000010319698  0.00500000005014043  0.0290245154870063
0.10875 0.00500000008842381  0.00500000008940622  0.0289203984664434
0.11 0.00500000007774504  0.00500000013153034  0.0288160701067495
0.11125 0.00500000006744612  0.00500000017346009  0.0287115153777985
0.1125 0.00500000005758771  0.00500000021651141  0.0286066611358237
0.11375 0.0050000000474824  0.00500000025920452  0.0285017887282867
0.115 0.00500000003778582  0.00500000030334036  0.0283967190453223
0.11625 0.00500000002761663  0.00500000034459673  0.0282915684101076
0.1175 0.00500000001713938  0.0050000003838595  0.0281863362362751
0.11875 0.00500000000655233  0.00500000042034973  0.0280809403805216
0.12 0.00499999999569962  0.00500000044262422  0.0279753266178009
0.12125 0.00499999998487036  0.00500000043880697  0.0278692631746088
0.1225 0.00499999997399994  0.00500000042646982  0.0277629581658644
0.12375 0.00499999996285939  0.0050000004134637  0.0276562395007185
0.125 0.00499999995102795  0.00500000040307066  0.0275488415238551
0.12625 0.00499999993904282  0.00500000039375111  0.0274412738646363
0.1275 0.00499999992725542  0.00500000038301236  0.0273336805181341
0.12875 0.00499999991605361  0.00500000036846505  0.0272259361054083
0.13 0.00499999990561186  0.00500000034886704  0.0271180666591448
0.13125 0.00499999989526847  0.00500000032841029  0.0270099593820021
0.1325 0.00499999988434562  0.00500000030830402  0.0269011129634735
0.13375 0.00499999987179736  0.00500000029261608  0.0267921205980996
0.135 0.00499999985967127  0.00500000027585962  0.026683114419675
0.13625 0.00499999985851393  0.00500000023747582  0.0265737850031537
0.1375 0.00499999986496693  0.00500000018510854  0.0264641773119244
0.13875 0.00499999987118384  0.00500000013320648  0.0263545581432295
0.14 0.00499999987827475  0.00500000008055942  0.0262449803557405
0.14125 0.00499999988779831  0.00500000002613153  0.0261352111661766
0.1425 0.00499999989787044  0.00499999997150111  0.0260253280897978
0.14375 0.0049999999066009  0.00499999991712178  0.0259152924894691
0.145 0.00499999991502311  0.00499999986310085  0.0258053498189434
0.14625 0.00499999992380374  0.00499999980961428  0.0256952822384183
0.1475 0.00499999992708249  0.00499999974259571  0.0255848481110287
0.14875 0.00499999992755059  0.00499999966773567  0.0254743886904936
0.15 0.00499999992810382  0.00499999959415984  0.0253638440443778
0.15125 0.00499999992780966  0.0049999995149946  0.0252526514896296
0.1525 0.00499999992532402  0.00499999942311829  0.0251414269865522
0.15375 0.0049999999229612  0.00499999933371502  0.0250301541104183
0.155 0.00499999991949637  0.00499999923346774  0.0249182533256396
0.15625 0.00499999991354089  0.00499999911158252  0.0248063572181768
0.1575 0.00499999990773105  0.00499999899259487  0.0246944237706421
0.15875 0.00499999989804574  0.00499999883202267  0.0245822534201024
0.16 0.00499999988837487  0.00499999867274531  0.0244702572816411
0.16125 0.00499999987920789  0.00499999852049436  0.0243581953987369
0.1625 0.00499999986917952  0.00499999835598589  0.0242460366930315
0.16375 0.00499999986170487  0.00499999822212347  0.0241337833581523
0.165 0.00499999985407462  0.00499999808659387  0.0240215228532022
0.16625 0.00499999984810771  0.00499999797121935  0.0239091768936118
0.1675 0.0049999998475004  0.00499999792548314  0.0237966243954264
0.16875 0.00499999984728634  0.00499999788592592  0.0236841289003667
0.17 0.00499999985699195  0.00499999798474568  0.0235713535530546
0.17125 0.00499999986655232  0.00499999808186787  0.0234582269356803
0.1725 0.00499999987595473  0.00499999817788893  0.0233451858543239
0.17375 0.00499999988704265  0.00499999829640519  0.0232317277813753
0.175 0.00499999989679326  0.00499999839503155  0.0231182463134674
0.17625 0.00499999990614924  0.00499999848602744  0.023004766215795
0.1775 0.00499999991288466  0.00499999853284983  0.0228910312136647
0.17875 0.00499999992075963  0.00499999859811163  0.0227773729749599
0.18 0.00499999992904736  0.00499999867132822  0.0226638616501101
0.18125 0.00499999993940479  0.00499999878177439  0.0225502836689929
0.1825 0.00499999995170689  0.00499999892741418  0.0224366484417357
0.18375 0.00499999996418127  0.00499999907843811  0.0223229790414546
0.185 0.00499999997683904  0.00499999922928427  0.0222089675253494
0.18625 0.00499999998933252  0.00499999937862316  0.022094977459586
0.1875 0.00500000000162775  0.00499999951671036  0.0219809098080779
0.18875 0.00500000001374889  0.00499999964379938  0.0218666799827808
0.19 0.00500000002567594  0.00499999977357794  0.0217524704705109
0.19125 0.00500000003633436  0.0049999999080411  0.0216383245093762
0.1925 0.00500000004596296  0.00500000004728358  0.0215237525539194
0.19375 0.00500000005541043  0.00500000018485915  0.021409123603434
0.195 0.00500000006493229  0.0050000003212146  0.0212941678159797
0.19625 0.00500000007405551  0.00500000045406576  0.0211792099534966
0.1975 0.00500000008291396  0.00500000058395428  0.0210643739924792
0.19875 0.00500000009109327  0.00500000070722111  0.0209497752375102
0.2 0.00500000009904191  0.00500000082693351  0.0208347536117914
0.20125 0.0050000001063853  0.00500000094100779  0.0207197775619471
0.2025 0.00500000011383501  0.00500000105497271  0.0206043284009537
0.20375 0.00500000012062463  0.0050000011619991  0.020489090852145
0.205 0.00500000012683024  0.00500000126345442  0.0203739314460524
0.20625 0.00500000013215453  0.00500000135525151  0.0202589928429472
0.2075 0.00500000013665901  0.00500000143754717  0.0201436435781651
0.20875 0.00500000014109583  0.00500000151945296  0.0200283447497854
0.21 0.00500000015304973  0.00500000168147584  0.0199128519211329
0.21125 0.00500000016237241  0.00500000181451891  0.0197973622344407
0.2125 0.00500000017112724  0.00500000194127487  0.019681994849733
0.21375 0.00500000017191817  0.00500000197836934  0.0195664382124954
0.215 0.00500000017440722  0.00500000203515434  0.0194508582314823
0.21625 0.0050000001778918  0.00500000210504428  0.0193353297908336
0.2175 0.00500000018486513  0.00500000221612695  0.0192195802569021
0.21875 0.00500000018945159  0.0050000022985107  0.0191039146228713
0.22 0.005000000192422  0.00500000236147668  0.0189882503238787
0.22125 0.00500000019873294  0.00500000246656938  0.0188723776336787
0.2225 0.00500000020665665  0.00500000259218674  0.0187566132710422
0.22375 0.00500000021496869  0.00500000272325695  0.0186408875373893
0.225 0.00500000021424873  0.0050000027401088  0.0185250097213688
0.22625 0.00500000020929055  0.00500000270360841  0.0184091464373711
0.2275 0.00500000020480369  0.00500000267388549  0.0182929677260703
0.22875 0.00500000019651303  0.0050000025945187  0.0181766336432641
0.23 0.00500000018789348  0.00500000251091055  0.0180603791824409
0.23125 0.00500000017211934  0.00500000233226523  0.0179441375471778
0.2325 0.00500000015736913  0.00500000216821072  0.0178277378471757
0.23375 0.00500000014117687  0.0050000019854542  0.0177114419596377
0.235 0.00500000012597512  0.00500000181781445  0.0175951407574839
0.23625 0.00500000010391279  0.00500000155284104  0.0174787051361373
0.2375 0.00500000008194459  0.00500000128951284  0.0173623362696663
0.23875 0.00500000005994917  0.00500000102658146  0.0172454721369158
0.24 0.00500000003691451  0.00500000074615675  0.0171286323688473
0.24125 0.00500000001399774  0.00500000046826201  0.0170119434032811
0.2425 0.0049999999906782  0.00500000018499887  0.0168949990193037
0.24375 0.00499999996757549  0.00499999991363033  0.016778189737746
0.245 0.00499999994486475  0.00499999964430088  0.0166615911334449
0.24625 0.00499999992224127  0.00499999937724228  0.016544855914835
0.2475 0.00499999990038967  0.00499999911764191  0.0164280237083332
0.24875 0.00499999987631057  0.00499999884000133  0.0163112004478034
0.25 0.00499999985425357  0.00499999858430319  0.0161941716881064
0.25125 0.00499999983443085  0.00499999835039234  0.0160772250474592
0.2525 0.00499999981404581  0.00499999811208718  0.0159600143263462
0.25375 0.00499999979729353  0.004999997911694  0.0158426869553315
0.255 0.00499999978087875  0.00499999771587982  0.0157254713703231
0.25625 0.00499999976818962  0.00499999756028868  0.0156081649809236
0.2575 0.00499999974613977  0.00499999730690226  0.0154908621444285
0.25875 0.00499999972506178  0.00499999706542306  0.0153736993122698
0.26 0.00499999972376681  0.00499999703641707  0.0152565893570753
0.26125 0.00499999972272819  0.00499999701073962  0.0151393559745963
0.2625 0.00499999972219261  0.00499999699069647  0.0150222240880865
0.26375 0.00499999972402292  0.00499999699734626  0.0149050866628535
0.265 0.00499999973562095  0.00499999710961008  0.0147878312916814
0.26625 0.00499999974511228  0.00499999719909872  0.0146706756926985
0.2675 0.00499999974694401  0.00499999720484046  0.0145532937867051
0.26875 0.0049999997516769  0.00499999724371264  0.0144360421814749
0.27 0.00499999975801951  0.00499999730276344  0.0143188107989482
0.27125 0.00499999975286442  0.00499999723529457  0.0142014110238789
0.2725 0.00499999974384185  0.00499999712668202  0.0140841877538152
0.27375 0.00499999974187553  0.00499999710002073  0.0139670432057557
0.275 0.00499999974185677  0.0049999970964916  0.0138497332196592
0.27625 0.00499999974244823  0.00499999710207314  0.0137325087597505
0.2775 0.00499999974163312  0.00499999709358041  0.0136153605378448
0.27875 0.00499999974032299  0.00499999707917969  0.0134978129064547
0.28 0.00499999974168866  0.004999997096389  0.013380371041347
0.28125 0.00499999973994938  0.0049999970794935  0.0132629134507862
0.2825 0.00499999975066775  0.00499999720155633  0.0131453591113173
0.28375 0.00499999976131857  0.00499999732235897  0.0130278926139635
0.285 0.00499999975987668  0.00499999730665852  0.0129102649915571
0.28625 0.00499999976268584  0.00499999733686829  0.0127926578361237
0.2875 0.00499999976539459  0.00499999736522066  0.012675215528455
0.28875 0.00499999977280247  0.00499999744502359  0.0125575683338828
0.29 0.00499999977889388  0.0049999975077323  0.0124402098341978
0.29125 0.00499999978891707  0.00499999761387149  0.0123229279933555
0.2925 0.00499999979942219  0.0049999977246103  0.0122055521243043
0.29375 0.00499999980745144  0.00499999780582635  0.012088289557157
0.295 0.00499999981750852  0.00499999790979691  0.0119712538614553
0.29625 0.00499999982604762  0.00499999799442783  0.0118541173480862
0.2975 0.00499999983533261  0.00499999808599274  0.0117370483073741
0.29875 0.00499999984313645  0.0049999981598006  0.0116199780364427
0.3 0.00499999985697749  0.00499999830326006  0.0115027611708405
