#
0.00125 -1.75451355632239e-10 -2.40361313390964e-10 -0.00293973028400342
0.0025 1.74343876082941e-10 -4.51490427048794e-10 -0.00485558072687206
0.00375 6.08899486823504e-10 -6.97124135393637e-10 -0.00675616817930234
0.005 8.65965878394413e-10 -6.72664781592845e-10 -0.00865027742957439
0.00625 1.20366052587208e-09 -6.94584240696351e-10 -0.0105584078983944
0.0075 1.02212013096475e-09 -5.70389003140493e-10 -0.0125675553377855
0.00875 8.35650240891769e-10 -4.89606294102634e-10 -0.0144689899211129
0.01 3.96381682776789e-10 -5.30289344089105e-10 -0.0162319302212197
0.01125 9.48378345777742e-11 -5.80528020203797e-10 -0.0179295314056357
0.0125 -3.90641035005951e-10 -5.26252340890525e-10 -0.0195836857644477
0.01375 -6.55005786875514e-10 -6.05906307701908e-10 -0.0212199649878361
0.015 -9.91777178235172e-10 -6.81599555932923e-10 -0.0228553472178686
0.01625 -1.53155661256197e-09 -9.62769947675577e-10 -0.0244638852693351
0.0175 -1.90076342799864e-09 -1.28804052952797e-09 -0.0260427555611868
0.01875 -2.59698674926623e-09 -1.99934690371902e-09 -0.0277145049387769
0.02 -3.09903096361363e-09 -2.65393449188087e-09 -0.0294432917542057
0.02125 -3.92270610577914e-09 -3.40657280859282e-09 -0.0310085561304587
0.0225 -4.68900786457785e-09 -4.23014237860895e-09 -0.032653918170448
0.02375 -5.51329495178695e-09 -5.23023039134719e-09 -0.0342162581188766
0.025 -6.54248346380574e-09 -6.25071437263991e-09 -0.0356010191559047
0.02625 -7.38074328695684e-09 -6.91195496855281e-09 -0.0369964499569942
0.0275 -8.3365412244203e-09 -7.98416590805548e-09 -0.0383673093920562
0.02875 -9.25667916006988e-09 -9.04440213589244e-09 -0.0398244068700517
0.03 -9.39103210835222e-09 -9.16417155236694e-09 -0.0414106267132824
0.03125 -1.02621468449385e-08 -1.01943842452202e-08 -0.0428538830173337
0.0325 -1.04299740709934e-08 -1.02676925666918e-08 -0.044192658353234
0.03375 -1.08308772471623e-08 -1.06505039643509e-08 -0.0453916172287092
0.035 -1.05298681060445e-08 -1.03410023515295e-08 -0.0466176403953554
0.03625 -1.00425217334656e-08 -9.95165511205468e-09 -0.0477763086231278
0.0375 -8.87180587025451e-09 -8.96464816958493e-09 -0.0492246307323316
0.03875 -8.84463423108402e-09 -9.27169283431769e-09 -0.0505221750813886
0.04 -9.71435917466585e-09 -1.01561849436437e-08 -0.0515667744406478
0.04125 -8.37059706010373e-09 -8.91057479313343e-09 -0.0526365045601633
0.0425 -7.97196251740082e-09 -8.59761737292082e-09 -0.0536837909008363
0.04375 -5.7412977380753e-09 -6.83661823743563e-09 -0.0549495434079655
0.045 -1.73091815186116e-09 -3.29095171332357e-09 -0.0559190145831699
0.04625 -2.56151072324576e-09 -4.38021938478418e-09 -0.0568772868995231
0.0475 -2.65493436496257e-09 -4.65413112390707e-09 -0.0578262605869175
0.04875 -1.29514907470873e-09 -3.7476535345892e-09 -0.0587155461831908
0.05 -3.2912779660346e-09 -6.84151741322677e-09 -0.0597502725612033
0.05125 -1.80404511264169e-09 -6.14143765469437e-09 -0.0605765877751285
0.0525 -6.72698185459951e-10 -5.24867541335647e-09 -0.0613794566814262
0.05375 2.99082275951146e-10 -4.72700306989664e-09 -0.0622291065622841
0.055 -1.44503213582921e-10 -6.12283277127514e-09 -0.0631004347593693
0.05625 1.6285616594578e-09 -4.96738552793862e-09 -0.0641521851439987
0.0575 1.93399136820181e-09 -5.34029564795836e-09 -0.0648694707221561
0.05875 3.21874028688733e-09 -4.76941377452251e-09 -0.0655994850121882
0.06 5.0570532282411e-09 -3.04804654835269e-09 -0.0662534751745517
0.06125 7.02677156882747e-09 -7.37744572633577e-10 -0.0669461383198707
0.0625 6.5360766361493e-09 -2.79170613556399e-09 -0.06759512655958
0.06375 7.21411234366675e-09 -2.90466428409467e-09 -0.0682639147532436
0.065 1.00563230453723e-08 1.00556175974748e-09 -0.0693070922863771
0.06625 1.03002638620526e-08 7.34974595232341e-10 -0.0702197443381905
0.0675 1.00184291916472e-08 -1.50468052469327e-09 -0.070755126610162
0.06875 1.11144205264918e-08 -7.4459317554169e-10 -0.0713117348041264
0.07 1.17605245406597e-08 -4.50134725913162e-10 -0.0723005647637998
0.07125 1.15398244047048e-08 -2.13117013155796e-09 -0.0731329070649087
0.0725 1.26697800797192e-08 -9.23330397443262e-10 -0.0735424399646507
0.07375 1.2923651012918e-08 -1.4247956270185e-09 -0.0739501810985457
0.075 1.30266999953469e-08 -2.10943882741432e-09 -0.0744643649241003
0.07625 1.35065545890073e-08 -1.16091524698697e-09 -0.0751822780318812
0.0775 1.4191436609602e-08 -9.29327914949226e-10 -0.0756043346033989
0.07875 1.46315293733894e-08 3.02472820378003e-09 -0.0764438010922756
0.08 1.4539531324705e-08 -3.42622986483312e-10 -0.0766872278196708
0.08125 1.48735414931465e-08 6.79299004919273e-10 -0.0770248082380813
0.0825 1.46183682975953e-08 1.57380146868208e-09 -0.077302871760965
0.08375 1.50116998947332e-08 -3.6775902634853e-10 -0.07772825858359
0.085 1.48246476961171e-08 7.36482264968172e-10 -0.0783532931572465
0.08625 1.45277708293056e-08 2.87134804966347e-09 -0.0786656217702185
0.0875 1.43651222320814e-08 2.7394132267113e-09 -0.0789879895170276
0.08875 1.47954416392868e-08 1.08253935202853e-09 -0.079606499353469
0.09 1.34633579649306e-08 3.99563831115962e-09 -0.0798471810881801
0.09125 1.06618804728209e-08 8.23814733503753e-09 -0.0799841329257619
0.0925 1.12631167107142e-08 6.69587704960646e-09 -0.0801596273136033
0.09375 1.2606316273944e-08 4.63548193364581e-09 -0.0803874908036176
0.095 1.33510672494944e-08 3.47410601953522e-09 -0.0806665598919294
0.09625 1.34163161338765e-08 3.1707881176855e-09 -0.081410845957175
0.0975 -1.8266040301382e-09 2.10938237853027e-08 -0.0817957506794594
0.09875 -3.38892778940514e-09 2.23352977840929e-08 -0.081995590638692
0.1 -1.21281665252408e-08 3.03471188752886e-08 -0.082351188900317
0.10125 -1.40745230934846e-08 3.17649295242498e-08 -0.0824149623000704
0.1025 -1.40316723137906e-08 3.13841165856327e-08 -0.0825479444010995
0.10375 -1.46880545456825e-08 3.12490251758654e-08 -0.0826054090373826
0.105 -1.45068356296595e-08 3.09328797635532e-08 -0.08274831184636
0.10625 -1.45304874344681e-08 3.04508683111813e-08 -0.082916379714312
0.1075 -1.3965595011632e-08 3.01688520420284e-08 -0.0831649953473396
0.10875 -7.41481119978027e-09 3.48925403026072e-08 -0.0834509226344329
0.11 -8.2794977008835e-09 3.38327185963627e-08 -0.0835373333149325
0.11125 -8.06003263919869e-09 3.39061610583793e-08 -0.0837153078989032
0.1125 -8.41292728929929e-09 3.25460478464316e-08 -0.0839557330641627
0.11375 -7.95556886871236e-09 3.47022436317585e-08 -0.0839720307086993
0.115 -7.77935826406129e-09 3.52403756345019e-08 -0.0841014080524408
0.11625 -8.1361077743041e-09 3.40674633280947e-08 -0.084239395956835
0.1175 -8.36051161763356e-09 3.21805819659651e-08 -0.0842263654162027
0.11875 -8.50528689656184e-09 2.80895756460302e-08 -0.0843932833951299
0.12 -8.7786750903045e-09 1.18105299883877e-08 -0.0846950670016191
0.12125 -8.75241142157595e-09 -8.72068616631775e-09 -0.0849864713166872
0.1225 -8.70425110695341e-09 -1.17280527636917e-08 -0.0851245219488501
0.12375 -8.93550148587149e-09 -1.32599078382083e-08 -0.0858284486309167
0.125 -9.70974089287898e-09 -5.80841375953781e-09 -0.0860633860186006
0.12625 -9.76961231492563e-09 -6.52299768221683e-09 -0.0861027402997868
0.1275 -9.44971180977576e-09 -8.50091617310521e-09 -0.0860457747633499
0.12875 -8.39992962945917e-09 -1.5247759684685e-08 -0.086321817015863
0.13 -7.96558194448697e-09 -1.73446329907867e-08 -0.086370894285736
0.13125 -8.37318386466344e-09 -1.65832694622636e-08 -0.0869172106669058
0.1325 -9.39112029113148e-09 -1.44320416421326e-08 -0.0872049722595701
0.13375 -9.96526829360214e-09 -1.28215358805125e-08 -0.0872164927482911
0.135 -5.13283071060332e-09 -2.27346427141459e-08 -0.0872893805040826
0.13625 6.68875207311698e-09 -4.46199943432455e-08 -0.0876789956432367
0.1375 5.11396620935394e-09 -4.18078779579011e-08 -0.087691390833389
0.13875 6.35542110901428e-09 -4.30204764127779e-08 -0.0875928482340948
0.14 7.34032477680563e-09 -4.34736059106415e-08 -0.0877335071013766
0.14125 8.23948974364931e-09 -4.37217351582139e-08 -0.0878087120546335
0.1425 7.857892913512e-09 -4.35629022122257e-08 -0.0879969107948167
0.14375 7.20565487677779e-09 -4.3157540546352e-08 -0.0879632340971119
0.145 7.07403538546758e-09 -4.26787113157099e-08 -0.0879537314562424
0.14625 6.13974740295542e-09 -4.45406978362699e-08 -0.0881990191492942
0.1475 -7.42289471701917e-10 -6.40386215837529e-08 -0.0884304948076686
0.14875 5.13178669783195e-10 -5.88680375181335e-08 -0.0883553948165129
0.15 -1.27683947691094e-10 -6.1704826315994e-08 -0.0885788105099137
0.15125 -2.60999007669998e-09 -7.87095416844747e-08 -0.0890583814571376
0.1525 -1.86087546453492e-09 -7.16907775874096e-08 -0.0889523798303481
0.15375 -2.55034431531166e-09 -7.64600672304957e-08 -0.0891505170277742
0.155 -5.68420012760715e-09 -1.07589491087275e-07 -0.0896026256701227
0.15625 -4.55069406817158e-09 -9.45973002319396e-08 -0.0894813625920351
0.1575 -5.63128758815075e-09 -1.05206651288223e-07 -0.0896656577838028
0.15875 -7.44806380808443e-09 -1.25506227607943e-07 -0.0896270031323105
0.16 -7.31425788202495e-09 -1.21648023802485e-07 -0.0895690788374154
0.16125 -7.31020289422211e-09 -1.2206329203701e-07 -0.0897149044035165
0.1625 -6.50358036405206e-09 -1.13960066164591e-07 -0.0897475877366236
0.16375 -5.24371464113697e-09 -9.69673015876946e-08 -0.0897686926344553
0.165 -6.06749224939528e-09 -1.0883116566018e-07 -0.0898502588286762
0.16625 7.61272429526575e-10 -2.01054610087147e-08 -0.0900330884190411
0.1675 -4.54647022419323e-10 -3.51911822095325e-08 -0.090019663540574
0.16875 5.83007386172058e-09 5.11688684132716e-08 -0.089999587414838
0.17 8.56741032976933e-09 9.02832113919092e-08 -0.0905559868418897
0.17125 7.59239134662316e-09 7.81363706888896e-08 -0.0904692530865242
0.1725 9.07271878793682e-09 9.8580347445224e-08 -0.0906342247312096
0.17375 8.21950532559949e-09 8.47387625161488e-08 -0.0908457827185152
0.175 8.28572591546091e-09 8.67638479220055e-08 -0.0907772200694025
0.17625 4.08543259302588e-09 1.72466608073472e-08 -0.0909300915103793
0.1775 6.26950071133534e-09 5.0964147649754e-08 -0.091031505808342
0.17875 6.196460188474e-09 5.10030292864097e-08 -0.0909156474059236
0.18 6.65037785971327e-09 5.85700425716461e-08 -0.0906985926548808
0.18125 9.68634390157749e-09 1.13377326839561e-07 -0.0910034449762789
0.1825 9.57456079702876e-09 1.12622376543374e-07 -0.090877137978812
0.18375 1.06677647419099e-08 1.36490602143298e-07 -0.0912053072296655
0.185 9.87099226719714e-09 1.13726366547154e-07 -0.0912625297445532
0.18625 1.00028449842106e-08 1.21907562018955e-07 -0.0911722573361311
0.1875 9.78752014548406e-09 9.98020147354561e-08 -0.0914800520101474
0.18875 9.59133708515056e-09 1.0360697059565e-07 -0.0913703643841311
0.19 9.49810381006228e-09 1.03116656947144e-07 -0.0913651359830581
0.19125 7.93752036806228e-09 1.10482777436473e-07 -0.0913962925441879
0.1925 7.55956762853393e-09 1.10812427948268e-07 -0.0917457389986518
0.19375 7.48741212498185e-09 1.09419495656869e-07 -0.0916615382216519
0.195 7.75094038700261e-09 1.08906216036124e-07 -0.0921827780469821
0.19625 7.48602430811198e-09 1.0676062473553e-07 -0.091882899511937
0.1975 7.18168416577583e-09 1.04168033746655e-07 -0.0918107494155211
0.19875 6.86982480900845e-09 1.00301058118033e-07 -0.0916905744269606
0.2 6.12457818042357e-09 9.37129870391442e-08 -0.0920072271494461
0.20125 5.81854214953133e-09 9.06016418922316e-08 -0.0919088223030873
0.2025 4.41076749834501e-09 7.67632072153018e-08 -0.0923928209458767
0.20375 4.80707120112218e-09 7.93865710455208e-08 -0.092172997527652
0.205 4.56035586390925e-09 7.68535598526718e-08 -0.0919990450211077
0.20625 4.94204926973645e-09 8.00579083636284e-08 -0.0922315464917528
0.2075 4.20878545998624e-09 7.21809039876065e-08 -0.0922275770256375
0.20875 4.88300164593425e-09 7.98984080478216e-08 -0.0923294757203377
0.21 7.94345870618526e-09 1.11913644740776e-07 -0.0923583038653257
0.21125 7.24839560766623e-09 1.04398296029222e-07 -0.0923402414408836
0.2125 1.27437329487047e-09 3.64613209445901e-08 -0.0923008176472485
0.21375 1.5353816936242e-09 4.04625288375958e-08 -0.0925496962763367
0.215 1.11769637211926e-09 3.56983395669625e-08 -0.0924374820164644
0.21625 8.78489526182368e-09 1.26751177097758e-07 -0.0925232447806601
0.2175 3.57606534936579e-09 6.50158743610559e-08 -0.0926612716813255
0.21875 4.09826741444596e-09 7.0721930671308e-08 -0.0924873749110903
0.22 -4.60650423226577e-10 1.63388301036909e-08 -0.0927955383149827
0.22125 8.20559951705501e-09 1.22812469781768e-07 -0.092680761268357
0.2225 5.53628489654783e-09 9.09500762276959e-08 -0.0926006576339044
0.22375 7.72571062011701e-09 1.18500436815867e-07 -0.092682663194722
0.225 -4.3217514854597e-09 -3.34798971492628e-08 -0.0927368552347064
0.22625 -4.1135853149686e-09 -3.09461720963388e-08 -0.0926430480873779
0.2275 -3.11449680142444e-09 -1.76941899246232e-08 -0.0931616506021053
0.22875 -7.40148228529795e-09 -7.35966869224386e-08 -0.0930431610501591
0.23 -6.63198312857856e-09 -6.30377696187959e-08 -0.0929140752204353
0.23125 -1.36934589389842e-08 -1.56934095357873e-07 -0.093047888119839
0.2325 -1.23549450623839e-08 -1.38294000005755e-07 -0.0930666228064663
0.23375 -1.25712326475665e-08 -1.40192779260389e-07 -0.0929895868768775
0.235 -1.63233330891325e-08 -1.93970712428868e-07 -0.0931109009129829
0.23625 -1.71086815027115e-08 -2.03924636365849e-07 -0.0930995617033948
0.2375 -1.68233410586516e-08 -1.97800429694453e-07 -0.0931818583842383
0.23875 -1.82899595847613e-08 -2.21992579593949e-07 -0.0934528146774165
0.24 -1.84649524073046e-08 -2.24462961502056e-07 -0.093404241727608
0.24125 -1.86506345510587e-08 -2.29371943952123e-07 -0.0935002547986453
0.2425 -1.85823616819383e-08 -2.19340253233239e-07 -0.0935083491623519
0.24375 -1.84500046361385e-08 -2.1744450762161e-07 -0.0934306954678802
0.245 -1.806029088206e-08 -2.13662344715437e-07 -0.0931260755009292
0.24625 -1.79466289285137e-08 -2.12137928465573e-07 -0.0936027514091374
0.2475 -1.71424671823387e-08 -2.04204386470085e-07 -0.0934094844246037
0.24875 -2.11718678653316e-08 -2.38491040521597e-07 -0.0936417299674813
0.25 -1.54111152229897e-08 -1.82937235982536e-07 -0.0936276444125178
0.25125 -1.5841803613967e-08 -1.86659229788895e-07 -0.0934970311343407
0.2525 -1.65939176949138e-08 -1.93253339781155e-07 -0.0939698407531388
0.25375 -1.2646272003347e-08 -1.52104413373932e-07 -0.0938252085102461
0.255 -1.34425042748382e-08 -1.59163997190666e-07 -0.0936651755408043
0.25625 -1.09937107440355e-08 -1.33102801638979e-07 -0.0939089132309669
0.2575 -1.64684980011345e-08 -1.89731702253987e-07 -0.0937971630227876
0.25875 -1.6151363032119e-08 -1.84844731635182e-07 -0.0935808266917933
0.26 -2.43056129834187e-09 -3.79940621906536e-08 -0.0939306084543242
0.26125 -2.53251870224743e-10 -1.40170764984009e-08 -0.0936912885281639
0.2625 -6.36280369847394e-10 -1.7500853080619e-08 -0.0937128983023794
0.26375 1.1474238736989e-08 1.1410891748092e-07 -0.0938662919073138
0.265 1.01621025178522e-08 9.94737309942922e-08 -0.093755088390853
0.26625 -2.27221320531091e-09 -3.65688212166389e-08 -0.0938493921775056
0.2675 4.02113758885963e-09 3.29761704036453e-08 -0.0939443106420634
0.26875 3.23117326153307e-09 2.53492018775869e-08 -0.0937383462409683
0.27 8.1533777725939e-09 8.21797515552016e-08 -0.0940759830700176
0.27125 -1.08659210114779e-08 -1.28307205792414e-07 -0.093867761718818
0.2725 -7.01829430850397e-09 -8.35142073563287e-08 -0.0937479228302143
0.27375 1.76115705175874e-09 1.68698170131256e-08 -0.0937687022476643
0.275 -4.66942814868231e-10 -7.11173467661939e-09 -0.0938150202670001
0.27625 2.59150210537511e-10 3.39599789365106e-09 -0.0937218735831884
0.2775 -1.919915057842e-09 -2.0761187785047e-08 -0.0937237428949324
0.27875 2.38203997708711e-10 2.92620113161034e-09 -0.0940075811419818
0.28 4.58070935338533e-10 7.64110747409963e-09 -0.0938805978073424
0.28125 5.58922510294684e-09 6.47118873129238e-08 -0.0940199751490422
0.2825 7.48479463443892e-09 8.52387679626752e-08 -0.0939876772080747
0.28375 5.95645374790268e-09 6.77307618463669e-08 -0.0940497689685436
0.285 1.62964497544484e-09 1.81993579783933e-08 -0.0940771504211653
0.28625 2.39425672297068e-09 2.55023107926784e-08 -0.0940178787311793
0.2875 4.68448854105755e-09 5.05471434824326e-08 -0.0941643642425571
0.28875 4.63330175357708e-09 4.81617999687614e-08 -0.0939406706963611
0.29 4.20810907603045e-09 4.2045990037321e-08 -0.093853274150642
0.29125 1.54581809679267e-08 1.68877628221635e-07 -0.0939793200254554
0.2925 4.65523277427277e-09 4.57284189474462e-08 -0.0938846756330616
0.29375 7.25120553110304e-09 7.43897400231054e-08 -0.0937971186418266
0.295 8.12986052502616e-09 8.36853449500203e-08 -0.0936250386550438
0.29625 6.69411655791371e-09 6.52849254182185e-08 -0.0937023301599398
0.2975 7.38802706796444e-09 7.28332250621984e-08 -0.0936023874383823
0.29875 4.88887929399591e-09 4.3174561592895e-08 -0.0936983085219279
0.3 1.15985133688471e-08 1.20430599643492e-07 -0.0937413991988329
