#
0.005 0.00499999999253645  0.00499999999253645  0.0349606844122922
0.01 0.00499999995051043  0.00499999995051043  0.034887047045592
0.015 0.00499999991119799  0.00499999991119799  0.0347827961994687
0.02 0.00499999993061492  0.00499999993061492  0.034642496450262
0.025 0.00500000013398195  0.00500000013398195  0.0344714625426864
0.03 0.00500000052872323  0.00500000052872323  0.0342830846636418
0.035 0.0050000010341745  0.0050000010341745  0.0340654882358012
0.04 0.00500000147060476  0.00500000147060476  0.0338403769110299
0.045 0.00500000183222995  0.00500000183222995  0.0335925930915524
0.05 0.00500000207416625  0.00500000207416624  0.0333426131872954
0.055 0.00500000235230707  0.00500000235230707  0.0330779023462855
0.06 0.00500000251886652  0.00500000251886652  0.0328090631975493
0.065 0.00500000272462791  0.00500000272462791  0.0325376976063898
0.07 0.00500000286921811  0.00500000286921811  0.032255970264311
0.075 0.00500000297892948  0.00500000297892948  0.0319776622484218
0.08 0.00500000314022433  0.00500000314022434  0.0316933852989134
0.085 0.00500000319199267  0.00500000319199267  0.031404567906574
0.09 0.00500000331651417  0.00500000331651417  0.0311213780664071
0.095 0.00500000348658097  0.00500000348658098  0.0308306043305547
0.1 0.00500000352438074  0.00500000352438075  0.0305389078765861
0.105 0.00500000369831493  0.00500000369831494  0.0302522865197326
0.11 0.00500000395496406  0.00500000395496407  0.0299579024728932
0.115 0.00500000398378078  0.00500000398378078  0.0296645667550725
0.12 0.00500000409395131  0.00500000409395132  0.0293759576222919
0.125 0.0050000042276897  0.0050000042276897  0.029080181079443
0.13 0.00500000424826756  0.00500000424826755  0.0287859232178339
0.135 0.00500000445850638  0.00500000445850637  0.0284954834107216
0.14 0.00500000466252133  0.00500000466252133  0.0281980905203111
0.145 0.00500000469964049  0.00500000469964048  0.0279029974740937
0.15 0.00500000499656957  0.00500000499656956  0.027611554435752
0.155 0.00500000522808701  0.005000005228087  0.027312948895758
0.16 0.00500000537605089  0.00500000537605088  0.0270173099441461
0.165 0.0050000057035872  0.00500000570358719  0.0267248112540258
0.17 0.00500000608833828  0.00500000608833827  0.0264256171844881
0.175 0.00500000635701737  0.00500000635701736  0.0261296911235781
0.18 0.00500000683699338  0.00500000683699338  0.0258367552446051
0.185 0.00500000740811539  0.00500000740811538  0.0255371448432693
0.19 0.00500000781546112  0.00500000781546111  0.0252408280844078
0.195 0.00500000846793732  0.00500000846793731  0.0249475103489931
0.2 0.00500000920348285  0.00500000920348284  0.0246475403800396
0.205 0.00500000969857573  0.00500000969857572  0.024350841832273
0.21 0.00500001054013669  0.00500001054013668  0.024057038560014
0.215 0.00500001134808605  0.00500001134808604  0.0237566645969055
0.22 0.00500001184730253  0.00500001184730253  0.0234593037062853
0.225 0.00500001292650702  0.00500001292650701  0.0231656192759523
0.23 0.00500001387046466  0.00500001387046465  0.0228654628860083
0.235 0.00500001429695122  0.00500001429695121  0.022567797168085
0.24 0.0050000154327294  0.00500001543272939  0.0222739899257825
0.245 0.00500001647150736  0.00500001647150735  0.0219735635122372
0.25 0.00500001690430214  0.00500001690430212  0.0216753851660807
0.255 0.00500001801396645  0.00500001801396644  0.0213812018767508
0.26 0.00500001889315232  0.0050000188931523  0.0210804616709694
0.265 0.00500001909417095  0.00500001909417092  0.0207817810355624
0.27 0.00500002020984306  0.00500002020984303  0.0204877913788222
0.275 0.00500002118774073  0.0050000211877407  0.0201874532558215
0.28 0.0050000216146745  0.00500002161467447  0.0198890905327987
0.285 0.005000023005816  0.00500002300581597  0.0195953233635797
0.29 0.00500002426853289  0.00500002426853285  0.0192946305193098
0.295 0.00500002481010199  0.00500002481010195  0.0189956058082924
0.3 0.00500002550358878  0.00500002550358874  0.0187016915301777
