#
0.005 -4.85049568527232e-09 -4.85049580327381e-09 -0.0114450868581712
0.01 -9.82811799275859e-09 -9.82811815502804e-09 -0.0177956604407099
0.015 -4.15558404162615e-09 -4.15558398277494e-09 -0.024092997443466
0.02 1.85301093298938e-08 1.85301094729884e-08 -0.0321211279584197
0.025 6.37058240602351e-08 6.37058239519472e-08 -0.0357335435129473
0.03 9.42011515078402e-08 9.42011515222665e-08 -0.0404035081370922
0.035 1.02469661989634e-07 1.02469661856164e-07 -0.0441727312462147
0.04 6.40948863683585e-08 6.4094886471999e-08 -0.0469922981225984
0.045 8.02071829286866e-08 8.02071829001417e-08 -0.0491491673453717
0.05 2.49202330490483e-08 2.4920233044654e-08 -0.0529427962244899
0.055 5.06574092155659e-08 5.06574091293445e-08 -0.0517663554387452
0.06 4.63982656538981e-08 4.6398265935661e-08 -0.0560418332531197
0.065 1.92772239424936e-08 1.92772243682721e-08 -0.0542529604546267
0.07 6.532546546927e-08 6.53254658331626e-08 -0.0551843885269406
0.075 1.3215293064795e-08 1.32152935375832e-08 -0.0583932170546052
0.08 2.2820343164761e-08 2.28203436115813e-08 -0.0555292904795725
0.085 6.28824223340779e-08 6.28824224959344e-08 -0.0576430242749675
0.09 -8.94922889535669e-09 -8.94922898402851e-09 -0.0588701884762642
0.095 2.38860195526091e-08 2.38860197043446e-08 -0.0563239795418507
0.1 7.52442527864931e-08 7.52442530908786e-08 -0.0588929456064228
0.105 -4.49595972529818e-08 -4.49595973058093e-08 -0.0585501560816401
0.11 4.24321964866418e-08 4.24321962473166e-08 -0.0568367300995225
0.115 -7.0264240180745e-08 -7.02642408764869e-08 -0.0599001516665027
0.12 -3.70779155259703e-08 -3.70779160959965e-08 -0.0585124903401971
0.125 4.04863050396106e-08 4.04863043349589e-08 -0.0574098057922292
0.13 5.659803051357e-10 5.65979680204206e-10 -0.0604220440996229
0.135 -3.00822668321922e-08 -3.00822672185507e-08 -0.0585625949357092
0.14 4.92825046759813e-08 4.92825043321894e-08 -0.0576818548357536
0.145 1.34363840410758e-08 1.34363840282434e-08 -0.0606544202417943
0.15 -2.26921804782292e-08 -2.26921803589752e-08 -0.0586137567664733
0.155 6.59456832495906e-08 6.59456830220269e-08 -0.0578346366683457
0.16 4.71434997080605e-08 4.71434994458196e-08 -0.060880489350513
0.165 -1.11372027618831e-08 -1.11372026489847e-08 -0.0586840969721416
0.17 9.22872139708946e-08 9.22872139308056e-08 -0.0579483963792458
0.175 7.94702295254594e-08 7.94702296241968e-08 -0.0609774350455785
0.18 2.73532430956977e-09 2.73532437593187e-09 -0.0587469365569917
0.185 1.27549810528439e-07 1.27549810511352e-07 -0.0580288501152291
0.19 1.11553033418085e-07 1.11553033283762e-07 -0.0610573920803844
0.195 1.43980330418331e-08 1.43980327253439e-08 -0.0588293013557683
0.2 1.659317127059e-07 1.65931712438807e-07 -0.0580976358753522
0.205 1.33710787599306e-07 1.33710787529381e-07 -0.061120084726238
0.21 1.38541444822079e-08 1.38541446679908e-08 -0.0589520897529042
0.215 1.94684815807854e-07 1.94684815962225e-07 -0.0581711702787521
0.22 1.11978847671741e-07 1.11978847796305e-07 -0.0611283084081864
0.225 -4.01612132265195e-09 -4.01612099764071e-09 -0.0590736707320842
0.23 2.21483847486726e-07 2.21483847539547e-07 -0.0581981436520296
0.235 8.98743406359139e-08 8.98743406970362e-08 -0.0611455767002475
0.24 -3.46333898746778e-08 -3.46333901693e-08 -0.0591746918590757
0.245 2.28646952882978e-07 2.28646952369187e-07 -0.058259443397588
0.25 7.2661859368968e-08 7.26618586672289e-08 -0.0612160589792992
0.255 -8.57151175749702e-08 -8.57151180483672e-08 -0.0593463372232187
0.26 2.21278115286717e-07 2.21278114399241e-07 -0.0583011435530731
0.265 -1.96840214190161e-08 -1.96840220042124e-08 -0.061239227471567
0.27 -1.16717680156232e-07 -1.1671768038459e-07 -0.05947731175002
0.275 3.40144930439082e-07 3.40144929567499e-07 -0.0580054699226305
0.28 2.10215145923823e-09 2.10215103079916e-09 -0.0609950562105458
0.285 -8.31009521514388e-08 -8.31009524104522e-08 -0.0595878923234494
0.29 3.66547857946709e-07 3.66547857142246e-07 -0.0580140380133197
0.295 -7.25208487732128e-07 -7.25208486970627e-07 -0.0610112978031394
0.3 -1.97986324904938e-07 -1.97986324918186e-07 -0.059752866775138
