#
0.0025 0.00499999999959597  0.00499999999998158  0.0349897454058081
0.005 0.00499999999864067  0.00500000000101393  0.0349697289613833
0.0075 0.00499999999940126  0.00500000000150139  0.0349400127762469
0.01 0.00499999999859994  0.00500000000161531  0.0349006512739515
0.0125 0.00499999999526912  0.00500000000097334  0.0348525397934908
0.015 0.00499999998907744  0.00499999999891213  0.0347960451985927
0.0175 0.00499999997922757  0.0049999999939628  0.0347313921354932
0.02 0.00499999996541731  0.00499999998431112  0.0346584387673559
0.0225 0.00499999994650323  0.00499999996906553  0.0345771535844602
0.025 0.00499999992278278  0.00499999994870065  0.034487975476944
0.0275 0.00499999989202813  0.00499999992131166  0.0343916789067751
0.03 0.00499999985852221  0.00499999989071075  0.0342882059513246
0.0325 0.00499999982528283  0.00499999985964975  0.0341774025904567
0.035 0.00499999979228682  0.00499999982835835  0.0340600426168705
0.0375 0.00499999976059312  0.00499999979652733  0.0339363648308316
0.04 0.00499999973259669  0.00499999976622636  0.0338060384973811
0.0425 0.00499999970507358  0.00499999973498776  0.033670120456181
0.045 0.0049999996828568  0.00499999970508627  0.0335280960330593
0.0475 0.00499999966319917  0.00499999967420957  0.0333805780796374
0.05 0.00499999964955194  0.00499999964325263  0.0332279624189814
0.0525 0.00499999964111744  0.00499999961216523  0.0330698973892927
0.055 0.00499999963761257  0.00499999957951291  0.0329074200280323
0.0575 0.0049999996408239  0.00499999954778171  0.0327398557962793
0.06 0.00499999965044639  0.00499999951579007  0.0325683257091396
0.0625 0.0049999996657923  0.00499999948363773  0.0323922001879854
0.065 0.00499999968986176  0.00499999945615493  0.0322124257237957
0.0675 0.00499999971722021  0.00499999942503418  0.032028615900981
0.07 0.00499999975200718  0.00499999940070717  0.031841218970922
0.0725 0.0049999997931126  0.00499999938195888  0.0316504526673669
0.075 0.00499999983547374  0.00499999935757929  0.0314561195579491
0.0775 0.00499999988246099  0.00499999933644961  0.0312589998315731
0.08 0.00499999993312014  0.00499999932604877  0.0310584741689646
0.0825 0.00499999998584987  0.004999999321093  0.030855404378512
0.085 0.0050000000393871  0.00499999931980839  0.0306495543894781
0.0875 0.0050000000921796  0.00499999932667461  0.0304407122696096
0.09 0.00500000014414424  0.00499999933447823  0.0302297875419141
0.0925 0.00500000019383297  0.00499999934692469  0.0300160407281347
0.095 0.00500000023935596  0.00499999936673305  0.0298001053799504
0.0975 0.00500000028378123  0.0049999993834032  0.02958229716162
0.1 0.00500000031975501  0.00499999941007577  0.0293620554237656
0.1025 0.00500000034917497  0.00499999944114267  0.0291399850513272
0.105 0.00500000037525747  0.00499999947186624  0.0289161829817382
0.1075 0.00500000039214961  0.00499999950951269  0.0286902517095141
0.11 0.00500000039846894  0.00499999955194905  0.028462661820919
0.1125 0.00500000040159503  0.00499999959144492  0.0282337132611487
0.115 0.00500000039782121  0.00499999963211281  0.0280029741283928
0.1175 0.00500000038265703  0.0049999996765367  0.0277706335907654
0.12 0.00500000036183766  0.0049999997193606  0.027537222277589
0.1225 0.00500000033012651  0.00499999976497021  0.0273022500957343
0.125 0.00500000029397863  0.00499999980760292  0.0270657955045869
0.1275 0.00500000025190577  0.00499999984903042  0.0268283745037538
0.13 0.00500000020551229  0.00499999988848077  0.0265897231650325
0.1325 0.00500000015372102  0.00499999992636069  0.0263496041385812
0.135 0.00500000009821402  0.00499999996172436  0.0261084323321239
0.1375 0.00500000004204697  0.00499999999325035  0.0258664653963064
0.14 0.00499999998381984  0.00500000002088841  0.0256232614500285
0.1425 0.00499999992535088  0.00500000004307924  0.0253788607178332
0.145 0.00499999986810893  0.00500000005930804  0.0251337038362487
0.1475 0.00499999981292942  0.00500000006993408  0.0248877847276828
0.15 0.00499999976109496  0.00500000007454037  0.0246407336744884
0.1525 0.0049999997127883  0.0050000000736377  0.0243925740597731
0.155 0.00499999966937687  0.00500000006647314  0.0241438860806566
0.1575 0.00499999962849144  0.00500000005369585  0.0238945140179574
0.16 0.00499999959458618  0.00500000003475944  0.0236441454298093
0.1625 0.00499999956837265  0.00500000000972251  0.0233928034032854
0.165 0.00499999954758007  0.00499999997915167  0.0231410452573983
0.1675 0.00499999952910721  0.00499999994328704  0.0228887459763462
0.17 0.00499999951882846  0.00499999990384595  0.0226356045298799
0.1725 0.00499999951274316  0.00499999986009733  0.0223815454521419
0.175 0.00499999951331585  0.00499999981303351  0.0221270704600825
0.1775 0.00499999951724881  0.00499999976215602  0.0218721164249689
0.18 0.0049999995273208  0.00499999970873794  0.0216163693161876
0.1825 0.00499999954368583  0.00499999965402927  0.0213599177893569
0.185 0.00499999956554457  0.00499999959893253  0.0211030130795747
0.1875 0.00499999958972584  0.00499999954191546  0.0208457376429756
0.19 0.00499999961612832  0.00499999948261771  0.0205878836472139
0.1925 0.00499999964874694  0.00499999942790697  0.0203294190564265
0.195 0.00499999968521981  0.00499999937780448  0.0200703111832042
0.1975 0.00499999972157074  0.00499999932694171  0.0198109430015343
0.2 0.00499999976098574  0.00499999928441754  0.0195511796151511
0.2025 0.00499999980086734  0.00499999924606427  0.0192907252518341
0.205 0.00499999984121681  0.00499999921501032  0.0190297323702186
0.2075 0.004999999881326  0.0049999991922499  0.0187684620553052
0.21 0.00499999991886434  0.00499999916670733  0.0185069505947248
0.2125 0.004999999954656  0.00499999914449509  0.018245045061773
0.215 0.00499999998823173  0.00499999913642724  0.0179825660040529
0.2175 0.00500000001840144  0.00499999914270384  0.0177195397253353
0.22 0.00500000004466854  0.00499999915077072  0.017456398751465
0.2225 0.00500000006714559  0.00499999916043983  0.0171930780742376
0.225 0.00500000008479887  0.00499999917827362  0.0169291539215425
0.2275 0.00500000009724828  0.00499999920439125  0.0166648673770204
0.23 0.00500000010418409  0.00499999923549415  0.0164001658251219
0.2325 0.00500000010505637  0.00499999927488734  0.0161353670419204
0.235 0.00500000010132444  0.00499999931319768  0.0158703549251341
0.2375 0.00500000009278881  0.00499999935383621  0.0156049007167046
0.24 0.00500000008018169  0.00499999939248286  0.0153390384331572
0.2425 0.00500000006202768  0.00499999944178822  0.0150728180804517
0.245 0.00500000004102926  0.00499999948519675  0.014806540378222
0.2475 0.00500000001650333  0.00499999953010661  0.0145400251091123
0.25 0.00499999998851767  0.00499999957344707  0.0142731145829763
0.2525 0.00499999995689957  0.0049999996136244  0.0140058577479043
0.255 0.00499999992297354  0.00499999965744208  0.0137382896086247
0.2575 0.00499999988648946  0.00499999969594637  0.013470660210318
0.26 0.00499999984927583  0.00499999973320131  0.013202872769934
0.2625 0.00499999981243271  0.0049999997678181  0.0129346982785186
0.265 0.00499999977628615  0.0049999997985217  0.0126662353884575
0.2675 0.0049999997418832  0.00499999982383642  0.0123974600187224
0.27 0.00499999970972666  0.00499999984308601  0.0121286798653587
0.2725 0.00499999967793824  0.00499999985520303  0.0118598283627451
0.275 0.00499999964802946  0.00499999986099028  0.0115905490708544
0.2775 0.00499999962250087  0.00499999986066468  0.0113210732416945
0.28 0.00499999960433199  0.00499999985537466  0.0110512245708992
0.2825 0.00499999958399455  0.00499999984150931  0.0107813981192392
0.285 0.00499999956977513  0.00499999982209518  0.0105114807889777
0.2875 0.00499999955711973  0.00499999979544631  0.0102413899038204
0.29 0.00499999955180168  0.00499999976414547  0.0099708941998273
0.2925 0.00499999955016373  0.00499999972726061  0.00970004912676986
0.295 0.0049999995537619  0.00499999968660885  0.00942922770297452
0.2975 0.00499999956359694  0.00499999964421541  0.00915835908882554
0.3 0.00499999956994777  0.00499999959272621  0.00888736355494114
