#
0.0025 -8.83184153649038e-10 2.99541441553549e-10 -0.00609888071454117
0.005 1.3685398982456e-10 5.08442130198532e-11 -0.00991859912903007
0.0075 -2.00071466218346e-10 9.80061929244983e-11 -0.0138737609816771
0.01 -7.707504584981e-10 1.81302489951239e-11 -0.0175431477065666
0.0125 -1.95953665783269e-09 -4.31115253539928e-10 -0.0209259576752595
0.015 -3.31199410175295e-09 -1.20773579633603e-09 -0.0242590432311643
0.0175 -4.74037117982077e-09 -2.91919400646968e-09 -0.0274532236119828
0.02 -6.64519533417193e-09 -4.9151727403614e-09 -0.0309238195240584
0.0225 -8.12148886799661e-09 -6.88645140862219e-09 -0.0341756967337155
0.025 -1.10413544607191e-08 -9.56773843258416e-09 -0.0371165312940858
0.0275 -1.33593920647178e-08 -1.20363056315499e-08 -0.0398664443098984
0.03 -1.40930338431408e-08 -1.2911406251457e-08 -0.0428382623056363
0.0325 -1.32262445129548e-08 -1.24747571185517e-08 -0.0457050960681607
0.035 -1.33011221593328e-08 -1.28451809048181e-08 -0.0481252390587585
0.0375 -1.09018183000519e-08 -1.18908553414552e-08 -0.0506975302570721
0.04 -1.12642276699831e-08 -1.22145683866152e-08 -0.0533124191091053
0.0425 -7.7847097287837e-09 -1.06693040935634e-08 -0.0556423854151237
0.045 -8.27223880772591e-09 -1.17699195199195e-08 -0.058020109857188
0.0475 -8.44602077106058e-09 -1.40932795614105e-08 -0.0598920774225917
0.05 -2.53353584705994e-09 -1.06599177275974e-08 -0.0623026127779218
0.0525 -3.07784350504874e-09 -1.34644457292016e-08 -0.0640696177952391
0.055 1.15444298820431e-09 -1.13580469190103e-08 -0.0660319621249761
0.0575 1.93786061750406e-09 -1.38670629730024e-08 -0.0677799806149783
0.06 5.99092588066599e-09 -1.09454573081892e-08 -0.0696459459681051
0.0625 6.02972556405517e-09 -1.53057713873748e-08 -0.0711036892544598
0.065 1.081400000714e-08 -1.00792734393366e-08 -0.0729106882086809
0.0675 1.20194915335319e-08 -1.21645474428414e-08 -0.0738761491696952
0.07 1.48933193387614e-08 -9.31461889974599e-09 -0.0758302422328173
0.0725 1.29600753461277e-08 -1.92257687456213e-08 -0.0770190208959467
0.075 1.83185254776101e-08 -8.44389194829406e-09 -0.0783656372912508
0.0775 1.63182019034338e-08 -2.13695963109851e-08 -0.0794248544952512
0.08 2.07295514953618e-08 -5.850609104446e-09 -0.0806295029435322
0.0825 2.13175967920733e-08 -5.10308607427339e-10 -0.0820365039767517
0.085 2.140047135845e-08 5.27930444355562e-09 -0.0830106547373662
0.0875 2.16761161314481e-08 1.22455574208964e-09 -0.0839986345995704
0.09 1.976794559649e-08 6.9976355353592e-09 -0.0849885956731495
0.0925 1.96966245342314e-08 2.88613226812131e-09 -0.0854875419905101
0.095 1.78134996499331e-08 8.21787785497854e-09 -0.0868653842789478
0.0975 1.40250698057868e-08 1.22283349437898e-08 -0.0873856963843512
0.1 1.72471518402644e-08 3.62171164389384e-09 -0.0881406387604995
0.1025 1.02571969604074e-08 1.40818535668846e-08 -0.0893204314356193
0.105 5.85273728002476e-09 1.70309896871102e-08 -0.0897031854614068
0.1075 1.11751108777297e-08 7.65297291069627e-09 -0.090348416676754
0.11 1.41938390272346e-09 1.70134951151698e-08 -0.0914505223859175
0.1125 -7.93893117619303e-09 2.39375799538341e-08 -0.0919074138844774
0.115 4.11137997451426e-09 9.37633148644848e-09 -0.0921670804385471
0.1175 -6.7808473405248e-09 1.7252197372951e-08 -0.0931968617370668
0.12 -9.40154602500331e-09 1.69022640523058e-08 -0.093999923442075
0.1225 -1.11076395864486e-08 1.5800516082083e-08 -0.0942537154061489
0.125 -1.42958137912213e-08 1.59298669697287e-08 -0.0947071785410079
0.1275 -1.77267072065781e-08 1.6268802618196e-08 -0.095524724054899
0.13 -1.63322427653909e-08 1.37909036881393e-08 -0.0957179171696433
0.1325 -2.05402269836678e-08 1.39510986984797e-08 -0.095720558856139
0.135 -2.20901595778967e-08 1.3384940423411e-08 -0.0967189484583734
0.1375 -2.25097463869633e-08 1.17358027810149e-08 -0.0973878494100945
0.14 -2.33464192166452e-08 9.89683211395495e-09 -0.0975276820397543
0.1425 -2.36020475410449e-08 7.98341435507401e-09 -0.0977370787566665
0.145 -2.22356914422772e-08 5.14265968943374e-09 -0.0983787727655327
0.1475 -1.8810649429671e-08 1.89749541701443e-09 -0.098861670373183
0.15 -1.91250759763449e-08 3.55698560640475e-10 -0.0991157584637357
0.1525 -1.9999587064798e-08 -1.08044708787257e-09 -0.0992430641421569
0.155 -1.77660732383067e-08 -3.91012673124206e-09 -0.0998238060084344
0.1575 -7.45467272580388e-09 -7.71255976026587e-09 -0.099900364181396
0.16 -6.32853956109181e-09 -9.33440589349592e-09 -0.100347707578138
0.1625 -1.19785283885247e-08 -1.08654306854496e-08 -0.100497698059513
0.165 -9.88048557820721e-09 -1.36619790818709e-08 -0.101016333051571
0.1675 7.05927654584061e-09 -1.37588995284742e-08 -0.101090833337481
0.17 -2.04576547363535e-09 -1.65531626686418e-08 -0.101579444378065
0.1725 -3.93183834954339e-09 -1.88552303098819e-08 -0.101523727149404
0.175 2.9803512652e-09 -1.91281348384015e-08 -0.102035675990729
0.1775 4.76066016027355e-09 -2.01247484321016e-08 -0.102455223407639
0.18 2.26384215923374e-09 -2.36620965560653e-08 -0.102446817365325
0.1825 2.47777893631083e-09 -2.56594181565149e-08 -0.102353848112178
0.185 8.74358604814955e-09 -2.27094205524692e-08 -0.102906474862189
0.1875 1.25962397489124e-08 -2.10499488682715e-08 -0.103281731325589
0.19 7.61912503862096e-09 -2.82482542176254e-08 -0.103199360528249
0.1925 1.67218071379881e-08 -1.61850639093121e-08 -0.102914811569781
0.195 1.43959854466471e-08 -2.09023474092595e-08 -0.103720882592464
0.1975 1.36559436253547e-08 -2.2258018370992e-08 -0.104119590697169
0.2 1.94327419873659e-08 -6.16210524415054e-09 -0.104319360518506
0.2025 1.45524075651272e-08 -1.92298697018203e-08 -0.104270608352776
0.205 1.44881464202364e-08 -1.89532412964063e-08 -0.104167412674962
0.2075 1.54933360649457e-08 -1.02354207635664e-08 -0.104623318747986
0.21 1.52915304313669e-08 -4.30927374611726e-09 -0.104950901859382
0.2125 1.12256973592665e-08 -4.889984404275e-08 -0.104797415194828
0.215 1.31162137635826e-08 1.45458601145401e-08 -0.105000113546444
0.2175 1.14074599812434e-08 -1.04158013531799e-09 -0.105073725612177
0.22 9.64786002720843e-09 7.60353000749943e-09 -0.105443386938267
0.2225 8.06826203239784e-09 4.62485498188395e-09 -0.105897769861659
0.225 6.62471684452323e-09 2.71026362638886e-09 -0.105622839158148
0.2275 5.3920430449448e-09 -1.95068259437857e-09 -0.105237538111199
0.23 2.34782445482023e-09 8.95764807662689e-09 -0.105874154397228
0.2325 -6.4337588291704e-10 1.62500524036243e-08 -0.106157542574827
0.235 -2.76424795424696e-09 1.78863837887248e-08 -0.106417745468099
0.2375 -4.0892146164921e-09 1.47312840826504e-08 -0.10618961039632
0.24 -5.74176699603322e-09 1.39192959048504e-08 -0.105819642288599
0.2425 -7.74129653756762e-09 1.79687338634353e-08 -0.106543183694927
0.245 -8.79145356392035e-09 1.38072191589743e-08 -0.106835061520083
0.2475 -1.05369438037808e-08 1.87637043397036e-08 -0.106984927951041
0.25 -1.19021004290474e-08 1.58580074550065e-08 -0.106774530338407
0.2525 -1.34560680994494e-08 1.42124675683813e-08 -0.106362907270592
0.255 -1.42027227552574e-08 1.60368372604792e-08 -0.1070714010666
0.2575 -1.48314305388322e-08 1.49155814226545e-08 -0.107303378941723
0.26 -1.46710005249197e-08 1.50693417969551e-08 -0.107516480441096
0.2625 -1.40583875343116e-08 1.41441806183693e-08 -0.107332781758922
0.265 -1.6720627458683e-08 8.60793799461311e-09 -0.106863944364135
0.2675 -1.48204537685483e-08 7.96150395676667e-09 -0.107467935604818
0.27 -1.21427416764202e-08 6.60734133949835e-09 -0.107688892288234
0.2725 -1.24115472816985e-08 3.5223636917161e-09 -0.108060762077505
0.275 -1.47737275533443e-08 -3.62595580344293e-10 -0.107695041036554
0.2775 1.16825884036764e-08 6.46883215504748e-09 -0.107536379341683
0.28 -9.68415036824488e-09 -4.49337919378858e-09 -0.107771545293232
0.2825 -5.34587238122482e-09 -6.15925075932779e-09 -0.10808276852566
0.285 -3.82318613293421e-09 -8.5887673871722e-09 -0.108277363603589
0.2875 -8.61710526784711e-10 -1.02249045454819e-08 -0.107929591403811
0.29 5.48996063833571e-09 -1.01392197670837e-08 -0.108316890641138
0.2925 -3.76106206554202e-09 -1.80053848952217e-08 -0.108083043919842
0.295 4.6853125120771e-10 -1.83747302534204e-08 -0.108383809621956
0.2975 5.48552986302257e-09 -1.71383859732357e-08 -0.108724786844911
0.3 1.24245792238197e-08 -1.25822790002596e-08 -0.108410545637191
