#
0.000625 0.00500000000000853  0.0049999999999999  0.0349994610800665
0.00125 0.00500000000002356  0.00500000000001343  0.0349984212790351
0.001875 0.00500000000003874  0.00500000000002509  0.0349968710813513
0.0025 0.00500000000006156  0.0050000000000393  0.0349948103634569
0.003125 0.00500000000008441  0.0050000000000525  0.0349922433961674
0.00375 0.00500000000007549  0.00500000000006162  0.0349891697378484
0.004375 0.00500000000004603  0.00500000000007144  0.0349855927759741
0.005 0.00500000000004758  0.00500000000010803  0.0349815110517048
0.005625 0.00500000000005998  0.0050000000001528  0.0349769266555677
0.00625 0.00500000000009221  0.00500000000022031  0.0349718364207671
0.006875 0.00500000000013577  0.00500000000028804  0.0349662399669585
0.0075 0.00500000000022722  0.00500000000036699  0.0349601301191857
0.008125 0.00500000000032121  0.00500000000043274  0.0349534879274318
0.00875 0.0050000000003975  0.00500000000050397  0.0349463128884271
0.009375 0.00500000000047894  0.00500000000057318  0.0349386245487142
0.01 0.00500000000054504  0.00500000000063586  0.0349304324848862
0.010625 0.00500000000059934  0.00500000000070019  0.0349217585959455
0.01125 0.00500000000064169  0.00500000000076755  0.0349126121617303
0.011875 0.00500000000067886  0.00500000000084873  0.0349030039850891
0.0125 0.00500000000072127  0.00500000000093067  0.0348929403107332
0.013125 0.00500000000076931  0.00500000000100096  0.0348824284306239
0.01375 0.00500000000081504  0.0050000000010526  0.0348714699854278
0.014375 0.00500000000083858  0.00500000000108874  0.034860069017365
0.015 0.00500000000086185  0.00500000000110925  0.0348482248089203
0.015625 0.00500000000089312  0.00500000000112468  0.034835936504788
0.01625 0.00500000000092953  0.00500000000113372  0.0348232039164849
0.016875 0.00500000000095545  0.0050000000011414  0.0348100313538279
0.0175 0.00500000000095779  0.00500000000115215  0.0347964220728763
0.018125 0.00500000000095673  0.0050000000011494  0.0347823832583176
0.01875 0.00500000000095216  0.00500000000112647  0.0347679161915665
0.019375 0.0050000000009386  0.00500000000109794  0.0347530206246639
0.02 0.00500000000090903  0.00500000000105865  0.0347376908953037
0.020625 0.00500000000086182  0.00500000000099804  0.0347219175282937
0.02125 0.00500000000080743  0.00500000000092979  0.0347056668037469
0.021875 0.00500000000073184  0.00500000000084285  0.0346889454205259
0.0225 0.00500000000065085  0.00500000000074361  0.0346717798087383
0.023125 0.00500000000055737  0.00500000000063617  0.0346541840142101
0.02375 0.00500000000043863  0.00500000000051182  0.0346361667466792
0.024375 0.00500000000029108  0.00500000000037223  0.0346177130445591
0.025 0.00500000000010049  0.00500000000018205  0.0345988024207089
0.025625 0.00499999999990917  0.00499999999999027  0.0345794610615553
0.02625 0.00499999999969331  0.00499999999979481  0.0345597240498013
0.026875 0.00499999999945245  0.00499999999959046  0.0345396048172848
0.0275 0.00499999999917326  0.00499999999938093  0.0345191006043152
0.028125 0.00499999999886297  0.00499999999916031  0.0344982109456011
0.02875 0.0049999999985104  0.00499999999892203  0.0344769327425217
0.029375 0.00499999999813756  0.00499999999867585  0.034455272820923
0.03 0.00499999999775177  0.00499999999840596  0.0344332370408832
0.030625 0.00499999999733222  0.00499999999810955  0.0344108248058167
0.03125 0.00499999999688686  0.00499999999778441  0.034388020845979
0.031875 0.00499999999639416  0.00499999999741891  0.0343647796568764
0.0325 0.0049999999958786  0.00499999999703161  0.0343411100313512
0.033125 0.00499999999534942  0.00499999999663049  0.0343170568211403
0.03375 0.00499999999478503  0.00499999999620001  0.03429263273342
0.034375 0.00499999999417712  0.00499999999574555  0.034267795331491
0.035 0.0049999999935719  0.00499999999531213  0.0342425826765659
0.035625 0.00499999999291929  0.00499999999483877  0.0342170266874565
0.03625 0.00499999999222359  0.00499999999433426  0.0341911325246219
0.036875 0.00499999999147119  0.004999999993786  0.0341648961806559
0.0375 0.00499999999068081  0.00499999999321789  0.0341383128249054
0.038125 0.0049999999898559  0.00499999999260674  0.0341113923761872
0.03875 0.00499999998899182  0.00499999999195973  0.0340841382679099
0.039375 0.00499999998807455  0.00499999999126627  0.0340565476805885
0.04 0.00499999998715551  0.00499999999056627  0.0340285830035293
0.040625 0.00499999998624183  0.00499999998987875  0.0340002371418492
0.04125 0.00499999998527563  0.00499999998914217  0.0339715492484629
0.041875 0.00499999998423  0.00499999998833914  0.0339425115484276
0.0425 0.00499999998320943  0.00499999998757622  0.0339131098762697
0.043125 0.00499999998217182  0.00499999998681913  0.0338834008018853
0.04375 0.00499999998108334  0.00499999998602949  0.0338533939047072
0.044375 0.00499999997991703  0.00499999998518316  0.0338230809404575
0.045 0.00499999997871727  0.00499999998430257  0.0337924594939432
0.045625 0.00499999997747945  0.00499999998338641  0.0337615401433767
0.04625 0.00499999997616694  0.00499999998241034  0.0337303198231818
0.046875 0.00499999997479126  0.00499999998138696  0.0336987560100815
0.0475 0.00499999997335177  0.00499999998032754  0.0336668491974303
0.048125 0.00499999997189519  0.00499999997925054  0.0336346347485253
0.04875 0.00499999997052578  0.00499999997822603  0.0336021083480518
0.049375 0.00499999996921123  0.00499999997726377  0.0335692861405653
0.05 0.00499999996790135  0.00499999997631921  0.0335361993150731
0.050625 0.00499999996656047  0.00499999997535694  0.033502845483643
0.05125 0.00499999996523447  0.00499999997441008  0.0334692137475612
0.051875 0.00499999996389213  0.00499999997345486  0.033435314287593
0.0525 0.00499999996250777  0.00499999997246197  0.0334011481356667
0.053125 0.00499999996112728  0.00499999997146967  0.033366694289656
0.05375 0.00499999995988191  0.00499999997058037  0.0333319153793553
0.054375 0.0049999999585891  0.00499999996965534  0.0332968619636647
0.055 0.00499999995746001  0.00499999996886117  0.0332615399538378
0.055625 0.00499999995632904  0.00499999996807767  0.033225969713544
0.05625 0.00499999995517993  0.00499999996728689  0.0331901679109859
0.056875 0.00499999995405809  0.00499999996651804  0.0331541241836511
0.0575 0.00499999995293536  0.00499999996575855  0.0331178311821597
0.058125 0.00499999995180266  0.00499999996499206  0.0330813020512125
0.05875 0.00499999995065935  0.00499999996420947  0.0330445345559765
0.059375 0.00499999994936524  0.00499999996332751  0.0330074795911135
0.06 0.0049999999480247  0.00499999996239549  0.0329701641421349
0.060625 0.00499999994684172  0.00499999996158014  0.0329326164900502
0.06125 0.00499999994572488  0.00499999996084363  0.0328948381125623
0.061875 0.00499999994461734  0.00499999996012864  0.0328568605961169
0.0625 0.00499999994354671  0.0049999999594543  0.0328186671962516
0.063125 0.00499999994246599  0.00499999995877393  0.0327802535317491
0.06375 0.00499999994137986  0.00499999995809251  0.0327416278374044
0.064375 0.00499999994030553  0.004999999957401  0.03270278645448
0.065 0.00499999993902358  0.00499999995655398  0.0326636780301573
0.065625 0.004999999937699  0.00499999995568126  0.0326243496517904
0.06625 0.00499999993648247  0.00499999995489362  0.0325847787002701
0.066875 0.00499999993525764  0.0049999999541166  0.0325450172243786
0.0675 0.00499999993402592  0.00499999995335954  0.0325050751312107
0.068125 0.00499999993281725  0.00499999995263713  0.0324649367333501
0.06875 0.00499999993165571  0.00499999995195154  0.0324246019913473
0.069375 0.00499999993049416  0.00499999995125554  0.0323840807336238
0.07 0.00499999992967434  0.00499999995078561  0.0323433334257639
0.070625 0.00499999992879657  0.0049999999502852  0.0323023635359345
0.07125 0.00499999992763742  0.00499999994959425  0.0322611813732539
0.071875 0.00499999992649806  0.00499999994893191  0.0322197879363398
0.0725 0.0049999999253908  0.00499999994831536  0.0321782412460962
0.073125 0.00499999992429997  0.00499999994773898  0.0321365189178382
0.07375 0.00499999992317562  0.00499999994716123  0.0320946220831039
0.074375 0.00499999992206036  0.00499999994660071  0.0320525539111956
0.075 0.00499999992059893  0.00499999994580065  0.0320102486334186
0.075625 0.00499999991906125  0.00499999994492029  0.031967746141656
0.07625 0.00499999991722348  0.00499999994385345  0.0319250537226741
0.076875 0.00499999991525019  0.00499999994270904  0.0318822108048333
0.0775 0.0049999999133582  0.00499999994164959  0.0318392317078361
0.078125 0.00499999991156791  0.00499999994067256  0.0317960944984121
0.07875 0.00499999990986512  0.0049999999397509  0.0317528009995979
0.079375 0.00499999990818511  0.00499999993884817  0.0317093518147994
0.08 0.00499999990699461  0.00499999993826683  0.0316656649084516
0.080625 0.00499999990582538  0.00499999993772816  0.031621800519872
0.08125 0.00499999990527362  0.00499999993763764  0.0315777488505953
0.081875 0.00499999990474836  0.0049999999375855  0.0315335609655992
0.0825 0.00499999990431789  0.00499999993760389  0.031489248660539
0.083125 0.00499999990398964  0.00499999993770919  0.0314447930160548
0.08375 0.00499999990370642  0.00499999993783893  0.0314002038980384
0.084375 0.00499999990368212  0.00499999993811145  0.0313554487580178
0.085 0.00499999990406969  0.00499999993865371  0.0313104692962252
0.085625 0.0049999999040359  0.004999999938931  0.031265342064678
0.08625 0.00499999990378048  0.00499999993908173  0.0312200901850945
0.086875 0.00499999990353155  0.00499999993925515  0.0311747385653584
0.0875 0.00499999990341794  0.00499999993953062  0.0311292661897127
0.088125 0.00499999990333746  0.00499999993984655  0.0310836733591593
0.08875 0.00499999990329982  0.00499999994017229  0.0310379640251904
0.089375 0.00499999990340729  0.00499999994059592  0.0309921042033066
0.09 0.00499999990347116  0.00499999994101611  0.0309461105876455
0.090625 0.00499999990413469  0.0049999999418329  0.0308999469338204
0.09125 0.00499999990478764  0.00499999994265351  0.0308536920881358
0.091875 0.00499999990540018  0.00499999994347055  0.0308073349983065
0.0925 0.00499999990607334  0.00499999994433909  0.0307608687757015
0.093125 0.00499999990679015  0.00499999994521832  0.0307143009883021
0.09375 0.0049999999076285  0.00499999994615643  0.0306676059434818
0.094375 0.00499999990831998  0.00499999994703322  0.0306207774430643
0.095 0.00499999990954634  0.00499999994826456  0.030573821655796
0.095625 0.00499999991071307  0.00499999994946517  0.0305267841137522
0.09625 0.00499999991198537  0.00499999995073218  0.0304796609402919
0.096875 0.00499999991331735  0.0049999999520515  0.0304324361747412
0.0975 0.00499999991460608  0.00499999995334016  0.0303851181606388
0.098125 0.00499999991613802  0.00499999995475058  0.0303376100317952
0.09875 0.00499999991772494  0.00499999995618283  0.0302899620783214
0.099375 0.00499999991838602  0.00499999995709515  0.0302421892848975
0.1 0.00499999991908037  0.00499999995803616  0.0301943452948675
0.100625 0.00499999991985516  0.00499999995903609  0.0301464286238419
0.10125 0.00499999992073998  0.00499999996009973  0.0300984172910338
0.101875 0.00499999992166936  0.00499999996119021  0.0300503285897304
0.1025 0.00499999992294084  0.00499999996242674  0.0300021193758875
0.103125 0.00499999992411838  0.00499999996362645  0.0299537929927695
0.10375 0.00499999992549533  0.00499999996495022  0.0299053771993652
0.104375 0.00499999992677651  0.00499999996622906  0.0298569036006276
0.105 0.00499999992815549  0.00499999996755992  0.0298083600729803
0.105625 0.00499999992952711  0.00499999996888172  0.0297597362497714
0.10625 0.0049999999308429  0.00499999997016402  0.0297110242106145
0.106875 0.00499999993211617  0.00499999997137936  0.0296621409055336
0.1075 0.00499999993321114  0.00499999997251707  0.0296131630343129
0.108125 0.00499999993446331  0.00499999997370078  0.0295640447243695
0.10875 0.0049999999356494  0.00499999997486204  0.0295148776221393
0.109375 0.00499999993695373  0.00499999997607646  0.0294656490891158
0.11 0.00499999993823138  0.00499999997726304  0.0294163509408421
0.110625 0.0049999999393904  0.00499999997839264  0.0293669591269361
0.11125 0.00499999994045931  0.00499999997946523  0.0293174063070763
0.111875 0.00499999994160002  0.00499999998055628  0.0292677734285259
0.1125 0.00499999994291897  0.00499999998174245  0.0292180657133385
0.113125 0.0049999999442141  0.00499999998292906  0.0291683239454042
0.11375 0.00499999994556544  0.00499999998414658  0.0291185152465664
0.114375 0.00499999994695427  0.00499999998535685  0.0290686473863484
0.115 0.00499999994834436  0.00499999998653259  0.0290187300801399
0.115625 0.00499999994961236  0.00499999998770099  0.0289687043273309
0.11625 0.00499999995069583  0.00499999998880913  0.0289185870455716
0.116875 0.00499999995170157  0.00499999998989114  0.0288684194055918
0.1175 0.00499999995275889  0.00499999999098415  0.0288182166421674
0.118125 0.00499999995380619  0.0049999999920751  0.0287679593554226
0.11875 0.00499999995485321  0.00499999999314135  0.0287176531496578
0.119375 0.00499999995604705  0.00499999999423514  0.0286671996063861
0.12 0.0049999999572273  0.0049999999953215  0.0286166488686194
0.120625 0.00499999995839111  0.00499999999642256  0.0285659961705199
0.12125 0.00499999995952712  0.00499999999752181  0.0285153219995565
0.121875 0.00499999996070053  0.00499999999861789  0.0284646083088581
0.1225 0.00499999996184234  0.00499999999968879  0.0284138464431311
0.123125 0.00499999996287611  0.0050000000007316  0.0283630204624034
0.12375 0.00499999996348673  0.00500000000176348  0.0283120938205527
0.124375 0.00499999996395844  0.00500000000277355  0.0282610903891864
0.125 0.00499999996439753  0.00500000000375598  0.0282100291689791
0.125625 0.00499999996482917  0.00500000000473969  0.0281589530708072
0.12625 0.00499999996528824  0.00500000000570555  0.0281078320234164
0.126875 0.00499999996569998  0.00500000000664664  0.0280566725775365
0.1275 0.00499999996599714  0.00500000000756082  0.0280054281673001
0.128125 0.00499999996617849  0.00500000000850244  0.0279541041132192
0.12875 0.0049999999663896  0.00500000000942318  0.0279027330152115
0.129375 0.00499999996651782  0.00500000001035067  0.0278513524288354
0.13 0.00499999996662559  0.00500000001124821  0.027799938726777
0.130625 0.00499999996671941  0.00500000001213327  0.0277484892327806
0.13125 0.00499999996677757  0.00500000001296991  0.0276969874094856
0.131875 0.00499999996698771  0.00500000001372986  0.0276453292782736
0.1325 0.00499999996720519  0.00500000001446989  0.0275936022798679
0.133125 0.00499999996747758  0.00500000001516615  0.0275417951904873
0.13375 0.00499999996773126  0.00500000001586421  0.0274899779299196
0.134375 0.00499999996798855  0.00500000001651722  0.0274381212955838
0.135 0.00499999996822001  0.00500000001712522  0.0273862345242185
0.135625 0.00499999996853807  0.00500000001767745  0.02733421627039
0.13625 0.00499999996885565  0.00500000001820559  0.0272821199154276
0.136875 0.0049999999693638  0.00500000001860833  0.0272299170074166
0.1375 0.00499999996982976  0.0050000000190291  0.0271777109947913
0.138125 0.0049999999702978  0.00500000001942535  0.0271254781183994
0.13875 0.00499999997078128  0.00500000001976241  0.0270732154019581
0.139375 0.00499999997125341  0.00500000002005615  0.027020887632901
0.14 0.00499999997179981  0.00500000002028169  0.026968423917433
0.140625 0.00499999997238175  0.00500000002046348  0.02691589591502
0.14125 0.00499999997302118  0.00500000002056518  0.0268633210577434
0.141875 0.00499999997366915  0.00500000002065074  0.0268107417807509
0.1425 0.00499999997430338  0.00500000002069222  0.0267581414675774
0.143125 0.00499999997490432  0.00500000002070082  0.0267055193871399
0.14375 0.00499999997543534  0.00500000002069763  0.0266528104831249
0.144375 0.00499999997595128  0.00500000002065394  0.0266000595877248
0.145 0.00499999997654697  0.00500000002051012  0.0265472804326583
0.145625 0.00499999997713265  0.00500000002032662  0.026494513621432
0.14625 0.00499999997772545  0.00500000002008081  0.0264417264633713
0.146875 0.00499999997828269  0.00500000001980596  0.026388924229804
0.1475 0.00499999997885812  0.00500000001944217  0.0263360421288769
0.148125 0.00499999997935551  0.00500000001910387  0.0262830984090933
0.14875 0.00499999997975848  0.00500000001880857  0.0262300981075971
0.149375 0.0049999999801594  0.00500000001847639  0.0261771169537386
0.15 0.00499999998052915  0.00500000001810781  0.0261241238558776
0.150625 0.00499999998087362  0.00500000001770124  0.0260711126222483
0.15125 0.00499999998112412  0.00500000001729919  0.0260180598446646
0.151875 0.00499999998130036  0.00500000001694311  0.0259649303734553
0.1525 0.0049999999815521  0.00500000001649192  0.0259118011065733
0.153125 0.00499999998178853  0.00500000001601171  0.0258586922913536
0.15375 0.00499999998204515  0.00500000001546347  0.0258055838832117
0.154375 0.00499999998231448  0.00500000001485334  0.0257524553531304
0.155 0.00499999998254628  0.00500000001419712  0.0256992960715698
0.155625 0.00499999998289998  0.00500000001342181  0.0256459981636493
0.15625 0.00499999998321994  0.00500000001262157  0.0255926502145859
0.156875 0.00499999998359328  0.005000000011742  0.0255392416726077
0.1575 0.0049999999839661  0.00500000001083607  0.0254858465351078
0.158125 0.00499999998432881  0.00500000000989217  0.0254324403040889
0.15875 0.0049999999846533  0.00500000000891829  0.025379027694569
0.159375 0.00499999998493529  0.00500000000794445  0.0253255441673623
0.16 0.00499999998516101  0.00500000000697534  0.0252720120873609
0.160625 0.0049999999853526  0.00500000000598827  0.0252184535682217
0.16125 0.00499999998553206  0.00500000000498373  0.0251649166283911
0.161875 0.00499999998567495  0.00500000000395046  0.0251113686962333
0.1625 0.00499999998579211  0.00500000000288234  0.0250578127692627
0.163125 0.00499999998593839  0.00500000000179842  0.0250042555669221
0.16375 0.00499999998605468  0.00500000000071329  0.0249506352537309
0.164375 0.00499999998632876  0.0049999999995941  0.0248970011910031
0.165 0.00499999998658774  0.00499999999845387  0.0248433798087319
0.165625 0.00499999998682113  0.00499999999731264  0.0247897461903136
0.16625 0.00499999998704147  0.00499999999614935  0.0247361068464986
0.166875 0.00499999998727799  0.00499999999495497  0.0246824410421232
0.1675 0.00499999998748553  0.00499999999374159  0.0246287245344461
0.168125 0.00499999998775835  0.00499999999255574  0.0245749844017503
0.16875 0.00499999998801895  0.00499999999136801  0.0245212494563763
0.169375 0.00499999998827164  0.00499999999014714  0.0244675201679034
0.17 0.0049999999884911  0.00499999998889698  0.0244137795432007
0.170625 0.00499999998871426  0.00499999998764443  0.0243600444911372
0.17125 0.00499999998893869  0.00499999998639392  0.0243062595278356
0.171875 0.00499999998919139  0.00499999998519101  0.0242524603812606
0.1725 0.00499999998945991  0.00499999998402077  0.0241986500595152
0.173125 0.00499999998972275  0.00499999998283557  0.0241448485857885
0.17375 0.00499999998998162  0.00499999998163805  0.0240910364934101
0.174375 0.00499999999021255  0.00499999998042478  0.0240372165428124
0.175 0.00499999999045743  0.0049999999792386  0.0239833406627465
0.175625 0.00499999999072116  0.00499999997809113  0.0239294375552603
0.17625 0.00499999999101613  0.00499999997700236  0.0238755262071152
0.176875 0.00499999999128959  0.00499999997591254  0.0238216296096384
0.1775 0.00499999999152889  0.00499999997479108  0.0237677228799081
0.178125 0.00499999999175399  0.00499999997365286  0.0237138178092911
0.17875 0.00499999999199416  0.0049999999726144  0.0236598901443343
0.179375 0.00499999999222038  0.00499999997154296  0.0236059134280223
0.18 0.00499999999243037  0.00499999997043572  0.0235518821090464
0.180625 0.00499999999264244  0.00499999996936794  0.0234978688645595
0.18125 0.0049999999928461  0.00499999996828902  0.0234438465272148
0.181875 0.00499999999302646  0.00499999996717991  0.0233898237774902
0.1825 0.00499999999319336  0.00499999996598367  0.0233357511578059
0.183125 0.00499999999333172  0.00499999996468334  0.0232816323657949
0.18375 0.00499999999344216  0.00499999996328937  0.0232274614168828
0.184375 0.00499999999355373  0.00499999996189045  0.0231733222125409
0.185 0.00499999999363387  0.00499999996044527  0.0231191810596101
0.185625 0.00499999999368177  0.00499999995899153  0.0230650359571328
0.18625 0.00499999999373929  0.00499999995766466  0.0230108154771757
0.186875 0.00499999999380637  0.00499999995642681  0.0229565114849334
0.1875 0.00499999999387222  0.00499999995521873  0.0229021653679965
0.188125 0.00499999999392375  0.00499999995404749  0.0228478413814604
0.18875 0.00499999999397621  0.00499999995294306  0.0227935232527953
0.189375 0.00499999999401635  0.00499999995185308  0.0227392017291806
0.19 0.00499999999400689  0.00499999995048183  0.0226848489597113
0.190625 0.00499999999394298  0.00499999994873592  0.0226304302620964
0.19125 0.00499999999387789  0.00499999994708845  0.0225760368131473
0.191875 0.00499999999380892  0.00499999994538623  0.0225216792789106
0.1925 0.00499999999373798  0.00499999994372892  0.0224673240989126
0.193125 0.00499999999365912  0.00499999994206801  0.0224129675636437
0.19375 0.0049999999935741  0.00499999994051073  0.0223585996886808
0.194375 0.00499999999349008  0.00499999993902023  0.0223041861644911
0.195 0.00499999999337956  0.00499999993725549  0.0222497342068514
0.195625 0.00499999999325685  0.0049999999354587  0.0221952848986074
0.19625 0.00499999999312154  0.0049999999336693  0.0221408515140659
0.196875 0.00499999999296699  0.00499999993185113  0.0220864155157949
0.1975 0.004999999992794  0.00499999992999949  0.0220319627987145
0.198125 0.00499999999265856  0.00499999992858342  0.0219773798460573
0.19875 0.00499999999253944  0.00499999992737907  0.02192277014762
0.199375 0.0049999999924128  0.0049999999262669  0.0218681710558753
0.2 0.00499999999228921  0.00499999992527161  0.0218135952471588
0.200625 0.00499999999215984  0.0049999999243498  0.0217590121975561
0.20125 0.00499999999201227  0.00499999992347904  0.0217044439756177
0.201875 0.00499999999185353  0.00499999992266867  0.0216498454081637
0.2025 0.00499999999172691  0.00499999992215603  0.0215952318181592
0.203125 0.00499999999163793  0.00499999992209036  0.0215406020650571
0.20375 0.00499999999152897  0.00499999992202894  0.0214859944887536
0.204375 0.00499999999142007  0.00499999992200497  0.0214313868596414
0.205 0.00499999999128474  0.00499999992193541  0.0213767812065875
0.205625 0.00499999999113221  0.00499999992181307  0.0213220843708765
0.20625 0.00499999999089224  0.00499999992095306  0.021267359229575
0.206875 0.00499999999057829  0.00499999991950454  0.0212126480600913
0.2075 0.00499999999025993  0.00499999991819188  0.0211579661445726
0.208125 0.00499999998994015  0.00499999991700383  0.0211032797941425
0.20875 0.00499999998960274  0.00499999991586461  0.0210485971411461
0.209375 0.00499999998926349  0.00499999991482067  0.0209938742371603
0.21 0.00499999998889051  0.00499999991353935  0.0209391052821511
0.210625 0.00499999998848875  0.00499999991205279  0.0208843188754397
0.21125 0.00499999998808184  0.00499999991055773  0.020829565233685
0.211875 0.00499999998766249  0.00499999990906008  0.0207748105581539
0.2125 0.00499999998722599  0.0049999999075585  0.0207200595596262
0.213125 0.00499999998682452  0.00499999990636228  0.0206652049654025
0.21375 0.00499999998644201  0.00499999990533458  0.0206103033649587
0.214375 0.00499999998612362  0.00499999990480389  0.0205553805122005
0.215 0.00499999998580502  0.00499999990431593  0.0205004952475462
0.215625 0.00499999998547392  0.00499999990386621  0.0204456161364076
0.21625 0.00499999998512145  0.00499999990339377  0.020390740877042
0.216875 0.00499999998476668  0.00499999990295934  0.0203358647203379
0.2175 0.00499999998438822  0.00499999990239576  0.0202809355580257
0.218125 0.00499999998409409  0.00499999990236892  0.0202259310177352
0.21875 0.00499999998380517  0.00499999990240883  0.0201709556195506
0.219375 0.00499999998353236  0.00499999990258632  0.0201159859567951
0.22 0.00499999998324556  0.00499999990280515  0.0200610205506939
0.220625 0.00499999998288078  0.00499999990263512  0.0200060194147551
0.22125 0.0049999999824562  0.00499999990217443  0.0199509676004327
0.221875 0.00499999998217721  0.00499999990256343  0.0198959212473268
0.2225 0.00499999998187967  0.0049999999028894  0.0198409021738627
0.223125 0.00499999998157687  0.00499999990324881  0.0197858848742175
0.22375 0.00499999998125675  0.00499999990354741  0.019730877881492
0.224375 0.00499999998083529  0.00499999990338456  0.0196757953138003
0.225 0.00499999998038553  0.00499999990309395  0.0196206489173409
0.225625 0.0049999999799224  0.00499999990276238  0.0195655557536765
0.22625 0.00499999997943313  0.00499999990230087  0.0195105003695722
0.226875 0.00499999997894744  0.00499999990189545  0.0194554498966309
0.2275 0.00499999997844118  0.00499999990142424  0.0194004079758166
0.228125 0.00499999997792999  0.00499999990097666  0.0193453317045654
0.22875 0.00499999997743602  0.00499999990061106  0.0192901949122957
0.229375 0.00499999997670894  0.00499999989922636  0.0192350474288528
0.23 0.0049999999759644  0.0049999998978052  0.0191799384268137
0.230625 0.00499999997527166  0.00499999989667387  0.0191248435914829
0.23125 0.00499999997459482  0.00499999989564933  0.0190697483944655
0.231875 0.00499999997395626  0.00499999989482581  0.0190146419828988
0.2325 0.00499999997328459  0.00499999989389066  0.0189595005903429
0.233125 0.00499999997253926  0.00499999989267211  0.0189043139230955
0.23375 0.00499999997178978  0.00499999989144565  0.0188491533993695
0.234375 0.00499999997110101  0.00499999989048524  0.0187940119742601
0.235 0.00499999997044074  0.00499999988967229  0.018738871664713
0.235625 0.00499999996977086  0.00499999988885428  0.0186837060657235
0.23625 0.0049999999689753  0.0049999998875873  0.0186284938997823
0.236875 0.00499999996841516  0.00499999988720168  0.0185732718591554
0.2375 0.00499999996786634  0.0049999998868774  0.0185180696598946
0.238125 0.00499999996729872  0.00499999988650438  0.0184628866498516
0.23875 0.00499999996671572  0.0049999998860933  0.018407708077479
0.239375 0.00499999996618254  0.00499999988586069  0.018352494904278
0.24 0.00499999996581277  0.00499999988619541  0.0182971775553704
0.240625 0.0049999999655127  0.00499999988676148  0.0182418633756338
0.24125 0.00499999996519593  0.00499999988725594  0.0181865882491415
0.241875 0.00499999996487729  0.00499999988775181  0.0181313275729067
0.2425 0.00499999996452955  0.00499999988819262  0.0180760726972471
0.243125 0.00499999996421445  0.00499999988875047  0.0180207860028802
0.24375 0.00499999996406009  0.00499999988981619  0.0179653910230432
0.244375 0.00499999996406319  0.00499999989136522  0.0179099835709824
0.245 0.00499999996405283  0.0049999998928947  0.0178546112941395
0.245625 0.00499999996405171  0.00499999989445848  0.0177992550923634
0.24625 0.00499999996401963  0.00499999989595091  0.0177439057441489
0.246875 0.00499999996410008  0.00499999989776241  0.0176885589005061
0.2475 0.00499999996441057  0.00499999990024491  0.0176331180542152
0.248125 0.00499999996485806  0.00499999990313049  0.0175776640523729
0.24875 0.00499999996529279  0.00499999990597719  0.0175222436176471
0.249375 0.00499999996574435  0.00499999990885742  0.0174668409647826
0.25 0.0049999999661656  0.0049999999116656  0.0174114449313034
0.250625 0.00499999996670973  0.00499999991478976  0.0173560555069195
0.25125 0.0049999999675637  0.00499999991872383  0.0173005758999915
0.251875 0.00499999996835318  0.00499999992250033  0.0172450698137049
0.2525 0.00499999996917075  0.00499999992636246  0.0171895949641304
0.253125 0.00499999997001898  0.00499999993029751  0.0171341396769652
0.25375 0.00499999997083024  0.00499999993415474  0.01707869023473
0.254375 0.00499999997178051  0.00499999993831822  0.0170232504904223
0.255 0.00499999997317468  0.00499999994346012  0.0169677245255441
0.255625 0.00499999997451496  0.00499999994847348  0.0169121706153527
0.25625 0.00499999997586577  0.00499999995351546  0.0168566471552864
0.256875 0.00499999997724307  0.0049999999585962  0.0168011440791303
0.2575 0.00499999997862125  0.00499999996366837  0.016745646030156
0.258125 0.00499999998001207  0.00499999996874381  0.0166901679239478
0.25875 0.0049999999813501  0.00499999997370153  0.0166346433107364
0.259375 0.00499999998270887  0.00499999997866176  0.0165790820175256
0.26 0.0049999999840746  0.00499999998361253  0.0165235495091753
0.260625 0.00499999998544942  0.00499999998854567  0.016468037892288
0.26125 0.00499999998681641  0.0049999999934422  0.0164125305955963
0.261875 0.00499999998818191  0.00499999999829872  0.0163570433597072
0.2625 0.00499999998951258  0.00500000000311092  0.016301509140669
0.263125 0.00499999999084997  0.00500000000787883  0.0162459375602814
0.26375 0.00499999999217972  0.00500000001259726  0.0161903939565593
0.264375 0.00499999999350839  0.00500000001725003  0.0161348712246513
0.265 0.00499999999482478  0.00500000002183971  0.0160793524930274
0.265625 0.0049999999961306  0.0050000000263488  0.0160238538846436
0.26625 0.00499999999742412  0.00500000003088947  0.0159683079516455
0.266875 0.00499999999870878  0.00500000003533655  0.0159127241393025
0.2675 0.00499999999997736  0.00500000003970415  0.0158571676300979
0.268125 0.00500000000123201  0.00500000004395735  0.0158016318059316
0.26875 0.00500000000246659  0.00500000004811884  0.0157460996381734
0.269375 0.0050000000036754  0.00500000005216196  0.0156905874820005
0.27 0.00500000000489176  0.00500000005630883  0.0156350277959787
0.270625 0.00500000000608488  0.00500000006031525  0.0155794300077151
0.27125 0.00500000000724708  0.00500000006420805  0.0155238593242114
0.271875 0.00500000000838015  0.00500000006794172  0.0154683093081793
0.2725 0.00500000000948778  0.00500000007156117  0.0154127628864365
0.273125 0.0050000000105594  0.00500000007503332  0.0153572363922356
0.27375 0.00500000001166063  0.00500000007867273  0.0153016622778104
0.274375 0.00500000001272615  0.00500000008213592  0.0152460499697826
0.275 0.00500000001375149  0.00500000008545883  0.0151904646915446
0.275625 0.00500000001473834  0.00500000008858775  0.0151348997985316
0.27625 0.0050000000156942  0.0050000000915832  0.0150793383459257
0.276875 0.00500000001660215  0.00500000009440493  0.0150237965651156
0.2775 0.00500000001754727  0.00500000009743776  0.0149682071929744
0.278125 0.00500000001845001  0.00500000010027365  0.0149125798244667
0.27875 0.00500000001930746  0.00500000010294426  0.0148569799025422
0.279375 0.00500000002011849  0.00500000010539547  0.0148014002296198
0.28 0.00500000002089529  0.00500000010770178  0.0147458241191806
0.280625 0.00500000002161921  0.00500000010981681  0.0146902673163985
0.28125 0.0050000000223938  0.00500000011217817  0.014634663036523
0.281875 0.00500000002313182  0.00500000011435167  0.0145790210741105
0.2825 0.00500000002381879  0.00500000011633529  0.014523407049902
0.283125 0.00500000002445106  0.00500000011807906  0.0144678128134909
0.28375 0.00500000002504616  0.00500000011967298  0.0144122221321458
0.284375 0.00500000002558788  0.00500000012106272  0.0143566499046708
0.285 0.00500000002619127  0.00500000012272683  0.0143010304023958
0.285625 0.00500000002675725  0.00500000012422745  0.0142453738548806
0.28625 0.00500000002727486  0.0050000001255342  0.0141897462257865
0.286875 0.00500000002773672  0.00500000012660349  0.0141341383989296
0.2875 0.00500000002819657  0.00500000012770053  0.0140785355604286
0.288125 0.00500000002850483  0.00500000012816244  0.0140229407656133
0.28875 0.00500000002846761  0.00500000012705517  0.0139672572702038
0.289375 0.00500000002847843  0.00500000012614708  0.0139115468106383
0.29 0.0050000000284407  0.00500000012501181  0.0138558678354736
0.290625 0.00500000002834529  0.00500000012362718  0.0138002079655993
0.29125 0.00500000002825202  0.00500000012226164  0.0137445544511375
0.291875 0.00500000002803676  0.0050000001204079  0.0136889069668782
0.2925 0.00500000002759111  0.00500000011753982  0.013633168168693
0.293125 0.00500000002702867  0.00500000011412986  0.0135774167176601
0.29375 0.00500000002649059  0.00500000011065785  0.0135217003080578
0.294375 0.00500000002593684  0.00500000010705402  0.0134660023438275
0.295 0.00500000002540883  0.00500000010344136  0.0134103126825446
0.295625 0.00500000002479782  0.00500000009946418  0.0133546256794836
0.29625 0.00500000002405119  0.00500000009483791  0.0132988444310986
0.296875 0.00500000002320902  0.00500000008972216  0.013243053049963
0.2975 0.00500000002240437  0.00500000008453978  0.0131872986580505
0.298125 0.00500000002161197  0.00500000007925269  0.0131315614640194
0.29875 0.00500000002084854  0.00500000007393476  0.0130758335948691
0.299375 0.00500000002008406  0.00500000006850621  0.013020076668954
0.3 0.00500000001925734  0.00500000006274967  0.0129642127507146
