#
0.000625 2.91347550279124e-11 5.48837581047106e-11 -0.00125997556868291
0.00125 -3.65123496798599e-11 3.3397853850191e-11 -0.00206939400092378
0.001875 9.1586454596033e-11 2.14242373075554e-11 -0.00289566593400733
0.0025 6.47700526105884e-11 3.33160123228143e-11 -0.00369966829428107
0.003125 -7.50073043385975e-11 -1.63275941902187e-11 -0.00451917790045365
0.00375 -8.00665317800835e-11 2.74560719588488e-12 -0.00531779067758246
0.004375 8.15298952219389e-11 1.21470172502148e-10 -0.00613330172201279
0.005 5.31387572985837e-11 1.03890844873296e-10 -0.00692981611001658
0.005625 -6.14309947437483e-11 9.71298739292257e-11 -0.00774554334133746
0.00625 2.43076507588174e-11 1.0365239559954e-10 -0.00854546054096775
0.006875 2.50998684573043e-10 1.77415513016924e-10 -0.00936961271969131
0.0075 2.32457013589004e-10 1.55726500157231e-10 -0.0101863470345677
0.008125 -4.5294552013566e-13 8.98857551658188e-11 -0.0110692708514268
0.00875 8.1415538774771e-11 1.23094162439775e-10 -0.0118913438348363
0.009375 2.39870746896355e-11 1.35294139423084e-10 -0.0127145583594332
0.01 1.1830265302758e-10 1.03877497792413e-10 -0.0134903419555299
0.010625 8.87541691751733e-11 6.83008774808407e-11 -0.0142658755355378
0.01125 1.12706320197571e-10 8.98569891478751e-11 -0.0150033133115858
0.011875 -5.42029515003591e-11 1.90148496584821e-10 -0.0157445556407944
0.0125 1.89596867314995e-11 1.67250071475315e-10 -0.016458846305897
0.013125 1.99317260526319e-10 3.48698985639198e-11 -0.0171823428027299
0.01375 1.25593653609454e-10 5.77984698590272e-11 -0.0178855015787833
0.014375 -8.79307324375541e-11 1.189223931827e-10 -0.0186005368186615
0.015 8.6872320186488e-12 5.46225374647682e-11 -0.0193035358191779
0.015625 1.37103881409554e-10 -4.3418762808265e-11 -0.020022610315572
0.01625 1.17133123182187e-10 2.42367778099578e-11 -0.0207220348079946
0.016875 -1.01285545949306e-10 2.28233340351442e-11 -0.0214338806132786
0.0175 -6.72438052510202e-12 5.14085367805283e-11 -0.0221169762438859
0.018125 1.32389643306215e-10 -1.20462215743662e-10 -0.0228101716094317
0.01875 4.35561599515866e-11 -8.56614760272914e-11 -0.0234867690296603
0.019375 -1.29241517434486e-10 2.81579659231936e-11 -0.0241861101241313
0.02 -6.94779213321857e-11 -2.52354588118064e-11 -0.0248746781241063
0.020625 -8.23793525659556e-11 -2.46805315456752e-10 -0.0256046924422936
0.02125 -1.491100979606e-11 -1.14689336161847e-10 -0.0263981718604523
0.021875 -1.20470640873917e-10 -9.16374282976501e-11 -0.0271092943340856
0.0225 -8.86052916460052e-11 -1.72676513353757e-10 -0.027808001231332
0.023125 -2.07747257302923e-10 -2.27698142121538e-10 -0.0284966033455376
0.02375 -1.77925230677029e-10 -2.48173293910631e-10 -0.0291649691939206
0.024375 -5.06121328712553e-10 -4.84745995344591e-10 -0.0298943727321999
0.025 -3.93300216470993e-10 -4.08612994657285e-10 -0.0305936620827248
0.025625 -2.82096644055973e-10 -2.50902524434089e-10 -0.0312783224838259
0.02625 -3.51810547062392e-10 -2.8478205657792e-10 -0.0318840570617356
0.026875 -4.58884810951717e-10 -3.3621539884364e-10 -0.0325018626345681
0.0275 -4.93590729446748e-10 -3.17483005119919e-10 -0.0331108644675042
0.028125 -5.49409966625722e-10 -4.66020169139948e-10 -0.0337396185225983
0.02875 -5.72559704169351e-10 -3.90855617661378e-10 -0.0343515310599422
0.029375 -5.14859289938523e-10 -4.15601888502881e-10 -0.0349623822892008
0.03 -5.84531543522115e-10 -4.2872827807966e-10 -0.0355543709987202
0.030625 -7.76685989198193e-10 -5.3164506335356e-10 -0.0361716582396011
0.03125 -7.05408458126196e-10 -4.80975494892061e-10 -0.036832640473481
0.031875 -8.65539303720726e-10 -7.56730431795252e-10 -0.0375712430451081
0.0325 -9.60039421385124e-10 -7.10377062776453e-10 -0.0381827862729098
0.033125 -7.44297649887752e-10 -6.17655286735941e-10 -0.0387837859211207
0.03375 -8.8275975412207e-10 -6.84351514532257e-10 -0.0393833122363798
0.034375 -8.43277352452938e-10 -4.93613644230052e-10 -0.0400568580485587
0.035 -9.51069604386453e-10 -6.55127782595966e-10 -0.0406234958011309
0.035625 -1.15470382538748e-09 -8.49584466244858e-10 -0.0411586924833643
0.03625 -1.10310274748376e-09 -8.04620515792203e-10 -0.041700542090749
0.036875 -1.22103723409164e-09 -7.2967403098444e-10 -0.0422609758903554
0.0375 -1.25190023800626e-09 -8.75206920588485e-10 -0.0428055671169405
0.038125 -1.26383360914461e-09 -1.03664963189895e-09 -0.0433403797135848
0.03875 -1.38461385707815e-09 -1.04424644328932e-09 -0.0438744677310411
0.039375 -1.51670245720976e-09 -1.19147436377005e-09 -0.0443856303206876
0.04 -1.57287543384908e-09 -1.21308651407696e-09 -0.0450425872160991
0.040625 -1.58740820352052e-09 -1.18926085265653e-09 -0.0456505940888977
0.04125 -1.62371999970611e-09 -1.21789609962077e-09 -0.046157461833023
0.041875 -1.39385256397058e-09 -1.12075962838354e-09 -0.0467786988195339
0.0425 -1.65784023730218e-09 -1.23785785864331e-09 -0.0473053228003032
0.043125 -1.64659342588885e-09 -1.23282705366847e-09 -0.0477641469654076
0.04375 -1.70964735254837e-09 -1.24231413800103e-09 -0.0482496974026731
0.044375 -1.90220366168471e-09 -1.33728388131222e-09 -0.0487553919242675
0.045 -1.88611909470699e-09 -1.37986359395074e-09 -0.0492321437127149
0.045625 -2.20531452636082e-09 -1.59444626852349e-09 -0.0497169197442811
0.04625 -2.14225625322446e-09 -1.58709845128967e-09 -0.0501957672909942
0.046875 -2.50421254732103e-09 -1.8136638592018e-09 -0.0507767419914587
0.0475 -2.27575895564103e-09 -1.65182957194729e-09 -0.0512986329045325
0.048125 -2.513149858228e-09 -1.78445196048218e-09 -0.0517832084283857
0.04875 -1.9677544015303e-09 -1.51248948722976e-09 -0.0523038224859149
0.049375 -2.0241209122595e-09 -1.44529711679063e-09 -0.0527225479386094
0.05 -2.06923378016711e-09 -1.47908714056732e-09 -0.0531451520902334
0.050625 -2.10413413479452e-09 -1.50977351872894e-09 -0.0535895031360742
0.05125 -2.10401943828778e-09 -1.52216767226452e-09 -0.0540310646039721
0.051875 -2.14776784423976e-09 -1.58018774086729e-09 -0.0544518077283228
0.0525 -2.20001465183584e-09 -1.59340825182208e-09 -0.0548806607241206
0.053125 -1.88663740178029e-09 -1.29295327262405e-09 -0.055395251867327
0.05375 -2.10375269211106e-09 -1.48195325709194e-09 -0.055863792031613
0.054375 -2.11925623761195e-09 -1.45688654525334e-09 -0.0563053845410776
0.055 -1.72624343372846e-09 -1.12686362285949e-09 -0.0567741533372816
0.055625 -1.87725017167071e-09 -1.37419591634514e-09 -0.0570848617362494
0.05625 -1.83781067388322e-09 -1.28864912973847e-09 -0.0574670245244451
0.056875 -1.86187632986867e-09 -1.17004574825913e-09 -0.0578779022047604
0.0575 -1.78086929194068e-09 -1.14217762751179e-09 -0.0582575077913779
0.058125 -1.81968798432812e-09 -1.33830498917873e-09 -0.0586499409051427
0.05875 -1.74535557780654e-09 -1.20555012704346e-09 -0.0590334325461149
0.059375 -2.04697579369402e-09 -1.53680981353077e-09 -0.0595530493662467
0.06 -2.16216705163918e-09 -1.47840167948765e-09 -0.0598890698903518
0.060625 -1.94499347072129e-09 -1.23570303769205e-09 -0.0603074713381064
0.06125 -1.79111878291644e-09 -1.1373987748495e-09 -0.0606173802628256
0.061875 -1.78452229182528e-09 -1.24867122197851e-09 -0.0609302824852475
0.0625 -1.70364062544324e-09 -1.02788925325561e-09 -0.0612860176284746
0.063125 -1.78091393765267e-09 -1.12510035435298e-09 -0.0616425413313372
0.06375 -1.76625797021659e-09 -1.05424209350967e-09 -0.061969020722843
0.064375 -2.41182833782872e-09 -1.57537033690932e-09 -0.062431284770725
0.065 -2.05038344407149e-09 -1.45493863887466e-09 -0.0627850622312401
0.065625 -2.21368408687261e-09 -1.4901332180294e-09 -0.0630899278866083
0.06625 -1.93954817405713e-09 -1.23999956353996e-09 -0.0634394665967461
0.066875 -1.95372804901741e-09 -1.18644406172578e-09 -0.0637712938815847
0.0675 -2.04579584379378e-09 -1.20547189018452e-09 -0.0640624130089909
0.068125 -1.66512225779873e-09 -1.02163685875254e-09 -0.0643877988177131
0.06875 -1.86748412438352e-09 -1.07082113991416e-09 -0.0646844153587322
0.069375 -1.40737878477821e-09 -8.66447968811147e-10 -0.0649393426266034
0.07 -1.11054968265566e-09 -6.52395927123624e-10 -0.0653981478098436
0.070625 -1.64545853425675e-09 -9.95983597034498e-10 -0.0656905717338011
0.07125 -1.96850129522991e-09 -1.1710051416194e-09 -0.0660299942345068
0.071875 -1.7898415710579e-09 -1.05488011100238e-09 -0.0663711003305539
0.0725 -1.61064762591764e-09 -8.33665029248363e-10 -0.0666109633783061
0.073125 -1.90468816213058e-09 -1.02720396725062e-09 -0.0668923784297362
0.07375 -1.80315474000185e-09 -9.44412308988267e-10 -0.0671626287353463
0.074375 -2.08737189306419e-09 -1.1103048146365e-09 -0.0675091006586307
0.075 -2.62697414935517e-09 -1.37320688440076e-09 -0.0678171235244697
0.075625 -2.32292281427479e-09 -1.37534911938344e-09 -0.0681532313928119
0.07625 -2.71242948949252e-09 -1.55116092290224e-09 -0.0684760743730076
0.076875 -3.32256351006082e-09 -1.86480366769757e-09 -0.0686364431183144
0.0775 -3.00690908614832e-09 -1.62056777219848e-09 -0.0688911177061965
0.078125 -2.51722832515163e-09 -1.40205707116826e-09 -0.0691582738534151
0.07875 -2.67543260660367e-09 -1.42801470455769e-09 -0.0693883652689043
0.079375 -2.37388389123824e-09 -1.33351712773853e-09 -0.0696524551470133
0.08 -1.9101871889894e-09 -9.05344364460349e-10 -0.0700398531705057
0.080625 -1.70656168004895e-09 -6.81046157260979e-10 -0.0703216488086703
0.08125 -9.71970356378415e-10 -1.50746052880595e-10 -0.0706332827702233
0.081875 -6.40742981911953e-10 -5.34731634211338e-11 -0.0707829976392355
0.0825 -5.64712136753464e-10 6.37142286607192e-11 -0.0710089373635826
0.083125 -6.37854728835588e-10 8.53478135689218e-11 -0.071239282645462
0.08375 -4.79604882122086e-10 1.94931919515798e-10 -0.0714509085870162
0.084375 1.69476467017877e-09 1.54723051336826e-09 -0.0719015221752821
0.085 6.2511389160024e-10 8.34533517233476e-10 -0.0720864439283466
0.085625 -2.48265589980095e-10 4.55385424576454e-10 -0.0722682769679452
0.08625 -3.33822147036369e-10 2.94086467150193e-10 -0.0724859196951553
0.086875 -1.08283114226536e-10 4.81157770955734e-10 -0.0726453340141482
0.0875 -2.4411717866168e-10 3.84555849731758e-10 -0.072848881189182
0.088125 -5.04428728281881e-11 5.9828658211054e-10 -0.0730525417410406
0.08875 -1.87087429998585e-10 4.18517564514734e-10 -0.0732619904829617
0.089375 -9.17245256370483e-11 6.68298516353577e-10 -0.0734763430918261
0.09 3.51200805549218e-10 8.44004662581267e-10 -0.073739725149452
0.090625 1.173766589586e-09 1.31701264190989e-09 -0.0739288340585341
0.09125 1.13432375204537e-09 1.34869133407499e-09 -0.0740752725168838
0.091875 8.89248066527028e-10 1.36590424215582e-09 -0.0742687252777128
0.0925 1.07958802181114e-09 1.45428601142982e-09 -0.0744245350526223
0.093125 1.85946385306077e-09 1.68591400042481e-09 -0.0745434456897307
0.09375 1.27599793822854e-09 1.42970564908962e-09 -0.0748631804517622
0.094375 1.14769345292295e-09 1.48141460861958e-09 -0.0750017250769411
0.095 1.48029861841582e-09 1.82208650092873e-09 -0.0751782050035144
0.095625 2.16809532475102e-09 1.92520246559168e-09 -0.0753430564820421
0.09625 2.064460258378e-09 2.08576607252595e-09 -0.0754812164040041
0.096875 2.00450776669896e-09 1.94553747142541e-09 -0.0756285134399454
0.0975 2.38322504889474e-09 2.2197859099945e-09 -0.0757652844700469
0.098125 2.39967812843665e-09 2.37934785954542e-09 -0.0761118438923023
0.09875 2.24181653252296e-09 2.16177703700297e-09 -0.0762956796486144
0.099375 3.32076915934839e-10 1.0557457161894e-09 -0.0765351017011899
0.1 1.19089610855543e-09 1.63275059962376e-09 -0.0766048416967168
0.100625 1.37499257251083e-09 1.5348238675603e-09 -0.0767436001515801
0.10125 1.47864057108976e-09 1.71920242364548e-09 -0.0768803966848195
0.101875 1.93307368981485e-09 1.90378473943099e-09 -0.0769315488604291
0.1025 2.22070153330511e-09 2.05310598807661e-09 -0.0772743797712393
0.103125 1.76869687607893e-09 1.91161135027204e-09 -0.0773793311690446
0.10375 1.97329861595762e-09 2.05832483026677e-09 -0.0775047550287973
0.104375 2.16178390584644e-09 1.9457700116971e-09 -0.0776267267165057
0.105 2.2337391721057e-09 2.19828865471997e-09 -0.0777405572711099
0.105625 2.24419466655574e-09 2.09173676771457e-09 -0.077851795770297
0.10625 1.78523127945443e-09 1.9193838915979e-09 -0.0780810600203991
0.106875 1.10294737814048e-09 1.62821503740167e-09 -0.0782946414473634
0.1075 3.33103754902758e-09 2.48518329258586e-09 -0.0784286578323086
0.108125 1.17933805506193e-09 1.57776989701894e-09 -0.0786316607545399
0.10875 1.84624842184897e-09 1.86280564417582e-09 -0.0787066055099691
0.109375 2.04517548355515e-09 1.81804063400024e-09 -0.0788170809169659
0.11 2.02115197370333e-09 1.88495546658694e-09 -0.0789259240044317
0.110625 1.28843110804003e-09 1.5301343340682e-09 -0.0791847817526344
0.11125 1.39079301208441e-09 1.64320036104022e-09 -0.0793343750810193
0.111875 2.87470379134961e-09 2.18118679158612e-09 -0.0795114237780008
0.1125 2.23122432775041e-09 1.87277382845765e-09 -0.0795698182665989
0.113125 1.89016430426305e-09 2.02533746893905e-09 -0.079624393826387
0.11375 2.26769658821028e-09 2.0751948878328e-09 -0.0797443528378018
0.114375 2.13843829113512e-09 1.78313045007047e-09 -0.0798457228503345
0.115 1.93021262849607e-09 1.77469561899936e-09 -0.0799179580780237
0.115625 2.22314871300908e-09 1.8245129349899e-09 -0.0801122324312045
0.11625 1.86777671557113e-09 1.80710279586109e-09 -0.080233943356563
0.116875 1.64638420773582e-09 1.81864447378731e-09 -0.0802882806572825
0.1175 1.72164558102687e-09 1.72510944967294e-09 -0.0803681003154408
0.118125 1.76288927896011e-09 1.8016471609199e-09 -0.0804617934148679
0.11875 1.86594750712603e-09 1.7401089260301e-09 -0.0805132653698604
0.119375 1.4137641469696e-09 1.7700729092383e-09 -0.0808009891623645
0.12 2.23444937745317e-09 1.80909217929314e-09 -0.0808992746138889
0.120625 1.53105883692598e-09 1.74727928612931e-09 -0.0810463736355437
0.12125 1.76625827197175e-09 1.82497409347661e-09 -0.0810948254184342
0.121875 1.82672420440485e-09 1.59834497679039e-09 -0.0811786596768075
0.1225 1.77443049244845e-09 1.67558442005221e-09 -0.0812531654441268
0.123125 1.16144067567531e-09 1.65602601038417e-09 -0.0813075942744156
0.12375 8.8778408563653e-10 1.68552550909019e-09 -0.0815185263427064
0.124375 1.26342225804453e-09 1.51639433948049e-09 -0.0816695439079849
0.125 6.70802883746495e-10 1.55700920536348e-09 -0.0816895801725712
0.125625 7.91395121554783e-10 1.56604683345002e-09 -0.0817528105706671
0.12625 7.31372734102586e-10 1.48661755885053e-09 -0.0818243321581298
0.126875 5.75008163630617e-10 1.49114149133295e-09 -0.0819012426881331
0.1275 2.65386145751037e-10 1.46344719584687e-09 -0.0820341595552221
0.128125 4.70985703036561e-10 1.49438726349174e-09 -0.0821752431095565
0.12875 2.58534196479187e-10 1.52915422138919e-09 -0.0822012463443218
0.129375 2.20828356066343e-10 1.35479892845292e-09 -0.0822325997110014
0.13 2.1353253626446e-10 1.35383399146022e-09 -0.0823031490681058
0.130625 1.31342562737851e-10 1.41713743543428e-09 -0.082346711541212
0.13125 5.82884488939223e-11 1.29852328932068e-09 -0.0825219566285313
0.131875 5.84605846597254e-10 1.02645742798791e-09 -0.0827359206688044
0.1325 3.96582519263718e-10 1.18198142314176e-09 -0.082856560845602
0.133125 4.89119428289666e-10 1.02126958063172e-09 -0.0828815449459582
0.13375 4.17342636861182e-10 1.13551076067172e-09 -0.082936105507458
0.134375 3.16304608804502e-10 9.71437980648389e-10 -0.0830044617313264
0.135 4.45910046827178e-10 8.80843426831804e-10 -0.0830113953713235
0.135625 4.19794376497452e-10 9.61330323011974e-10 -0.0832801290294816
0.13625 7.78941687610305e-10 6.55245384626515e-10 -0.083357256194462
0.136875 7.14803788617529e-10 7.43518926787379e-10 -0.0835325944769893
0.1375 8.1263715610664e-10 6.79606417184574e-10 -0.0835418424136178
0.138125 8.93668262643098e-10 5.940120004759e-10 -0.083610912719495
0.13875 7.62113219198472e-10 5.57653515302811e-10 -0.0836296839613379
0.139375 9.326120143444e-10 2.94634761234109e-10 -0.0839708863257512
0.14 8.63808676240441e-10 3.50377720020302e-10 -0.0839711457573777
0.140625 1.22123466870135e-09 2.23634874510362e-11 -0.0841424943905867
0.14125 1.04189682713213e-09 1.0268153817887e-10 -0.0841106982681715
0.141875 1.01030248462998e-09 -3.80881398871176e-11 -0.0841519602125806
0.1425 1.01293859827107e-09 8.33061427489375e-12 -0.0841753472544527
0.143125 7.3373143376888e-10 5.24721271673277e-11 -0.0843184138738992
0.14375 8.31882368541316e-10 1.53901254651288e-11 -0.0843978818093495
0.144375 1.21117743985569e-09 -4.31726441814023e-10 -0.0844460496145882
0.145 9.81244953793214e-10 -2.85745912626067e-10 -0.0844433155477462
0.145625 9.01915881696908e-10 -3.75111927989073e-10 -0.0844252275902995
0.14625 9.30014355240247e-10 -4.52315339210185e-10 -0.0844664988540147
0.146875 8.21969233233666e-10 -4.59155725265706e-10 -0.0845146546023588
0.1475 1.1185559416637e-09 -6.90159599242994e-10 -0.0846977079796995
0.148125 3.60326513227436e-10 -2.49178548996272e-10 -0.0848047823192747
0.14875 6.30508246750504e-10 -4.62826089189735e-10 -0.0848110944786355
0.149375 5.86991432655552e-10 -5.41469038146406e-10 -0.0847749288941334
0.15 5.78907039087447e-10 -5.48942433324519e-10 -0.0847986224160164
0.150625 5.09841389148533e-10 -6.66779145880461e-10 -0.0848476224138204
0.15125 2.87908637096031e-10 -5.67047416474822e-10 -0.0848951008312603
0.151875 2.06544976777041e-10 -5.34642039519496e-10 -0.0850454964665669
0.1525 3.28915164154885e-10 -6.71092083284131e-10 -0.0849855636700221
0.153125 4.10161920062911e-10 -9.0120951748774e-10 -0.0849720030399902
0.15375 4.36900039381103e-10 -8.68158702025612e-10 -0.0849927491170112
0.154375 3.45956767635959e-10 -1.0865700053536e-09 -0.085022139982062
0.155 4.65216617616401e-10 -1.1566082870122e-09 -0.0851335651766704
0.155625 4.86103964210096e-10 -1.18940752094295e-09 -0.0853459299214545
0.15625 5.13300174645109e-10 -1.28800275837973e-09 -0.0854321844880536
0.156875 6.51689435550378e-10 -1.4618155400016e-09 -0.0854277981964572
0.1575 5.71786644959303e-10 -1.46486191241639e-09 -0.085443010973448
0.158125 5.17677854308257e-10 -1.53744761526629e-09 -0.0854665538706058
0.15875 4.87665402048976e-10 -1.59852403841119e-09 -0.0855217601078051
0.159375 3.99566874705264e-10 -1.48481768738324e-09 -0.0856879599586752
0.16 2.77125240564929e-10 -1.4702276563658e-09 -0.0857613306017416
0.160625 4.0894315186298e-10 -1.71264479129585e-09 -0.0856228689863108
0.16125 2.99311003487326e-10 -1.64369606080695e-09 -0.0856598194341879
0.161875 1.57385754795932e-10 -1.60279640245116e-09 -0.0857082536720383
0.1625 1.48872113919021e-10 -1.71676626761479e-09 -0.085699850426314
0.163125 1.70386267777576e-10 -1.67631191208911e-09 -0.085832042712402
0.16375 -1.25448249919316e-10 -1.66095648286481e-09 -0.0858130590447172
0.164375 6.21023015987132e-10 -1.99593338790381e-09 -0.0857607816343351
0.165 4.91653985152239e-10 -1.90003545695364e-09 -0.0857906606818896
0.165625 3.30009732827379e-10 -1.75849858153571e-09 -0.0858173248861619
0.16625 3.19609577714615e-10 -1.8828995851059e-09 -0.0858181816252069
0.166875 2.17860555241754e-10 -2.03042918215567e-09 -0.0858254163662582
0.1675 3.57419908612648e-10 -2.03392636537387e-09 -0.0859445472722499
0.168125 3.37547895652792e-10 -1.74144486165852e-09 -0.0860624825987494
0.16875 3.48337882406339e-10 -1.83786307500615e-09 -0.0859612736082442
0.169375 4.00083607471123e-10 -2.07255846211349e-09 -0.0859685034163091
0.17 3.48442971475774e-10 -2.03474196724598e-09 -0.0859865025808258
0.170625 4.02699085680855e-10 -1.9124770361795e-09 -0.0859249074846511
0.17125 3.92148536754367e-10 -2.10446407784443e-09 -0.0860650186528224
0.171875 2.95342749702276e-10 -1.73690924116996e-09 -0.0862060050512058
0.1725 3.65081309814612e-10 -1.78937458001976e-09 -0.0860832071988662
0.173125 5.36233949777061e-10 -1.99327407246803e-09 -0.086094299674474
0.17375 4.27089880103886e-10 -1.92997261970926e-09 -0.0861056337553155
0.174375 4.6931342501792e-10 -1.89770888846733e-09 -0.0861333041143099
0.175 3.3721912400857e-10 -1.84279519836294e-09 -0.0862499591565351
0.175625 5.73757580099544e-10 -1.87679650813694e-09 -0.0861761474886493
0.17625 5.35521994443162e-10 -1.82547051470835e-09 -0.0862137108408704
0.176875 3.1199899520522e-10 -1.70038571406704e-09 -0.086246696475491
0.1775 3.64540608420927e-10 -1.76404786380945e-09 -0.0862600794470076
0.178125 4.66772022543267e-10 -1.66006924258483e-09 -0.0861709937005588
0.17875 3.32318516382433e-10 -1.66564123322323e-09 -0.0863792772736075
0.179375 2.86478783427074e-10 -2.18093230985314e-09 -0.0864459611312025
0.18 3.27017235851319e-10 -1.86675834313836e-09 -0.0864096757527442
0.180625 2.9067084152808e-10 -1.76594663261856e-09 -0.0864392526594509
0.18125 3.25815454825957e-10 -1.75210148713851e-09 -0.0864265447092073
0.181875 2.563427185154e-10 -1.8272336785142e-09 -0.0864608844427095
0.1825 2.40956669300837e-10 -2.110185269243e-09 -0.086528762110288
0.183125 2.71963478475216e-11 -2.53994482692724e-09 -0.0867053637024985
0.18375 1.03865227894941e-10 -2.23361458214451e-09 -0.0866613277067073
0.184375 2.24707024579564e-10 -2.42811829076794e-09 -0.0866144501471817
0.185 1.1601680488491e-10 -2.36755825916671e-09 -0.0866274674793222
0.185625 3.12011442215396e-11 -2.31418836395589e-09 -0.0866564830087107
0.18625 1.39402398015039e-10 -1.757844923483e-09 -0.0868911345230349
0.186875 1.02700825110608e-10 -2.11998966814013e-09 -0.0868712471608184
0.1875 1.53498316643948e-10 -1.9161589719337e-09 -0.0869087127210404
0.188125 -8.59005588031587e-12 -1.84095383411338e-09 -0.0869216157409088
0.18875 4.30736195999596e-11 -1.79108337188311e-09 -0.0869105580600492
0.189375 6.18088342199214e-11 -1.73637142896351e-09 -0.0869366038044801
0.19 -8.72348312695089e-11 -2.93696717924641e-09 -0.086966495655365
0.190625 -2.00000698531731e-10 -2.67923485706407e-09 -0.0870976787507709
0.19125 -1.78901665893272e-10 -2.83826625087015e-09 -0.0869852707289072
0.191875 -6.56009895643746e-11 -2.64039206734551e-09 -0.0869763068025413
0.1925 -9.11845668691698e-11 -2.47756032134863e-09 -0.0869808149288938
0.193125 -1.70520580362231e-10 -2.64916660026929e-09 -0.0869701798368393
0.19375 -4.26853503427894e-11 -1.69427657294848e-09 -0.0871133024957853
0.194375 -6.992008879233e-11 -2.60751073324476e-09 -0.0870541946183455
0.195 -1.66954636793218e-10 -2.96400241099145e-09 -0.0870901502243377
0.195625 -2.49341930537174e-10 -2.53097703749576e-09 -0.0871179254074681
0.19625 -2.26207407308937e-10 -2.7762819593298e-09 -0.0871024594473392
0.196875 -2.66358852947003e-10 -3.05125462933386e-09 -0.087092178321541
0.1975 -2.41799247669425e-10 -2.46218438886153e-09 -0.0871917227853236
0.198125 -1.99347533919341e-10 -2.10911274633652e-09 -0.0873926121435458
0.19875 -9.14120850540297e-11 -1.17456886083132e-09 -0.0874588393710012
0.199375 -2.16847830589524e-10 -1.80304276683367e-09 -0.0872893483210909
0.2 -2.04997210435857e-10 -1.52524286026549e-09 -0.0873163431794221
0.200625 -2.51542545276258e-10 -1.42727409429151e-09 -0.0873250920459316
0.20125 -2.26114828035892e-10 -1.46185769734816e-09 -0.0873192256195627
0.201875 -2.29474164321776e-10 -1.49981646999826e-09 -0.0873787332009147
0.2025 -5.85547220075263e-11 4.40852288792446e-10 -0.0873311673677896
0.203125 -2.48353518027817e-10 -3.35470780294324e-10 -0.0874007389787923
0.20375 -2.06674201018908e-10 -1.23479356178674e-10 -0.0873770404867864
0.204375 -1.73131363454447e-10 -6.34621290773548e-12 -0.0873794598449836
0.205 -2.46292314573436e-10 -1.48346703103382e-10 -0.0874282561648866
0.205625 -2.99453221408936e-10 -1.04675254555689e-09 -0.0875372829672733
0.20625 -6.35272461475714e-10 -3.58539985032275e-09 -0.0875776186286601
0.206875 -4.3981597919817e-10 -1.71813078561065e-09 -0.0874865388086852
0.2075 -4.96951735379417e-10 -1.87707626120958e-09 -0.0874859213583914
0.208125 -5.64220440085419e-10 -2.03622551155683e-09 -0.0875080652657924
0.20875 -5.68827923472211e-10 -1.87448978836024e-09 -0.0875378855749073
0.209375 -5.22469950430862e-10 -1.32521752326562e-09 -0.0876550782102128
0.21 -6.27990835067538e-10 -2.15210164313019e-09 -0.0877347602979923
0.210625 -6.41796533365273e-10 -2.67779776966393e-09 -0.0875803138913258
0.21125 -6.71716191979818e-10 -2.55324033352737e-09 -0.0875979592650318
0.211875 -6.67380586472351e-10 -2.22365633674946e-09 -0.0876251953162035
0.2125 -6.48399506401489e-10 -2.02968405095432e-09 -0.0875614017464131
0.213125 -6.47477825496475e-10 -1.95364525222344e-09 -0.0877926389930492
0.21375 -5.92538483539208e-10 -1.40132713228171e-09 -0.0879032590931936
0.214375 -4.46846934340096e-10 -4.62756438580258e-10 -0.0878812576616586
0.215 -4.78137841483497e-10 -5.74956325625592e-10 -0.0878207999642733
0.215625 -5.28198271191307e-10 -6.66812547681879e-10 -0.0878230856657319
0.21625 -5.92114745329935e-10 -8.96217404927195e-10 -0.087798565596241
0.216875 -4.7378415417542e-10 -1.18299345744218e-10 -0.0879261612608455
0.2175 -4.12745686035207e-10 3.52257616091023e-10 -0.08788431097586
0.218125 -5.14984650693833e-10 -3.60496228443222e-10 -0.0879708122811382
0.21875 -4.62007389613772e-10 1.2997388235596e-10 -0.0879480160200752
0.219375 -4.16081687614683e-10 5.41507238383545e-10 -0.0879746992018198
0.22 -4.81480841413166e-10 2.48138558854464e-10 -0.0879439125871431
0.220625 -6.59352029797199e-10 -6.3366702378865e-10 -0.088142382859422
0.22125 -8.81219686459043e-10 -1.81361093774639e-09 -0.0880889970399976
0.221875 -3.7574616984034e-10 8.10204908585315e-10 -0.0880095897671206
0.2225 -4.12854324861796e-10 8.23620368272518e-10 -0.0880145856228683
0.223125 -5.31402323581574e-10 3.2985309880705e-10 -0.0880151373946432
0.22375 -5.42668810464653e-10 3.44120851543806e-10 -0.0880048670036519
0.224375 -4.5160140403753e-10 1.02002243769506e-09 -0.0882658600300247
0.225 -7.82881721635551e-10 -7.61262423100859e-10 -0.0882329791711061
0.225625 -7.43998904529469e-10 -5.96510390248042e-10 -0.088132453609096
0.22625 -7.31398679023614e-10 -4.89429736123687e-10 -0.0880813704898612
0.226875 -8.38086079143009e-10 -9.44397152658558e-10 -0.0880649730922234
0.2275 -8.30089776934916e-10 -8.50697311118551e-10 -0.0880527066118717
0.228125 -2.59533267725009e-10 1.80959015971101e-09 -0.0882308526617793
0.22875 -8.1442066118171e-10 -7.10069484549406e-10 -0.0882131370806851
0.229375 -1.40572302937623e-09 -3.23241758086705e-09 -0.0882305207901541
0.23 -1.20821879410751e-09 -2.28080874274937e-09 -0.088153638742815
0.230625 -9.98769921603905e-10 -1.35582808402403e-09 -0.0881670565583354
0.23125 -1.08316354675732e-09 -1.63580802588603e-09 -0.0881371155208516
0.231875 -1.25163392969637e-09 -2.18168375794765e-09 -0.0881080617027524
0.2325 -1.13275530354064e-09 -1.73528830064225e-09 -0.0882110544978465
0.233125 -1.38676233720496e-09 -2.71460448964959e-09 -0.0883321483669655
0.23375 -1.18602376992558e-09 -1.90893305590123e-09 -0.0882312012087889
0.234375 -9.28843528352593e-10 -9.34417436256778e-10 -0.0882330712689267
0.235 -1.05364053055421e-09 -1.29628392061256e-09 -0.0882093851145968
0.235625 -1.66054833081558e-09 -3.44096097251261e-09 -0.088210086517592
0.23625 -1.34275360921953e-09 -2.25348880012463e-09 -0.088327718632557
0.236875 -8.39402462870972e-10 -4.31126548619631e-10 -0.0884246017762959
0.2375 -8.65640609863175e-10 -4.73140961342377e-10 -0.0882980501809692
0.238125 -9.65504020355146e-10 -8.35045096044838e-10 -0.0882769559822954
0.23875 -9.50903056713626e-10 -7.13912442484704e-10 -0.0882673432047368
0.239375 -2.31339606723451e-11 2.4305208931724e-09 -0.0885334513974534
0.24 -6.13305076816096e-10 4.38792601852927e-10 -0.0885143626338569
0.240625 -6.5143122291191e-10 3.173616504742e-10 -0.0884168914910278
0.24125 -4.96243175400161e-10 8.30086288932097e-10 -0.0883995428119132
0.241875 -5.9005162257717e-10 5.55223615777993e-10 -0.0884143300238518
0.2425 -5.73033454814061e-10 6.52314736292772e-10 -0.0883929069979438
0.243125 5.60427787054785e-11 2.63263501636143e-09 -0.088677443601445
0.24375 -2.92996264596133e-10 1.54383217312952e-09 -0.0886339993148269
0.244375 -3.82560860654398e-10 1.40210577262605e-09 -0.0885468580361337
0.245 -3.97907576984902e-11 2.4411814234619e-09 -0.0885497211512644
0.245625 -8.62177505947433e-11 2.28255954823665e-09 -0.0885705628864762
0.24625 -6.40739801522134e-11 2.33830665352676e-09 -0.0885449302502645
0.246875 8.41740959494526e-10 4.92169765530339e-09 -0.0887767172030297
0.2475 4.32364738212258e-10 3.77553354493362e-09 -0.088709094584604
0.248125 3.46065670513809e-10 3.64268828130802e-09 -0.0886305717556994
0.24875 6.84518544396706e-10 4.5330872620637e-09 -0.0886283957593482
0.249375 6.25151561984616e-10 4.36624035407215e-09 -0.0886448083445449
0.25 6.81118956312701e-10 4.50433187259895e-09 -0.0886205389728266
0.250625 1.93085657233425e-09 7.7215107952868e-09 -0.0888254915323852
0.25125 1.31940884382692e-09 6.14688155588399e-09 -0.0887703563554326
0.251875 1.50168080872785e-09 6.76705115279879e-09 -0.0886937975756935
0.2525 1.3530015710069e-09 6.31697205965768e-09 -0.0887165932553611
0.253125 1.19845893103607e-09 5.92058946410363e-09 -0.0887292154358594
0.25375 1.29186243597619e-09 6.16570690646313e-09 -0.0887062501084708
0.254375 3.15999563164101e-09 1.023766469461e-08 -0.0888879372413856
0.255 2.21888142569013e-09 8.14779730309534e-09 -0.088843209820158
0.255625 2.22001882439211e-09 8.29744550643783e-09 -0.0887737957252953
0.25625 2.20240272560071e-09 8.17871137562683e-09 -0.0887946882174194
0.256875 2.13717486054782e-09 7.94802279858933e-09 -0.0888148826028369
0.2575 2.18352739153874e-09 8.06478885703013e-09 -0.0887827121803029
0.258125 1.90580988578451e-09 7.5142164756773e-09 -0.0887562133058542
0.25875 2.08535859394036e-09 7.88515463775e-09 -0.0888218151137173
0.259375 2.25442238782471e-09 8.07831591876595e-09 -0.0888057339255948
0.26 2.21308974612559e-09 7.98559484369367e-09 -0.0888121249218591
0.260625 2.1366468019437e-09 7.73214919945977e-09 -0.0888271627157298
0.26125 2.168715198269e-09 7.80001076077521e-09 -0.088798215928312
0.261875 1.99222884267235e-09 7.60108313867421e-09 -0.0887722838831907
0.2625 2.08703313359432e-09 7.70739977303632e-09 -0.088837874418947
0.263125 2.15781668051053e-09 7.6198644768736e-09 -0.088823472616987
0.26375 2.14081170490681e-09 7.56330573064348e-09 -0.0888303822260493
0.264375 2.07803873257602e-09 7.30324326374428e-09 -0.0888449829939803
0.265 2.08757865066582e-09 7.31233361197831e-09 -0.088816706591331
0.265625 2.04276303252512e-09 7.49049288216907e-09 -0.0887915472965537
0.26625 2.04030792315889e-09 7.3242519827821e-09 -0.0888571190678494
0.266875 2.04606015207669e-09 7.01147837553059e-09 -0.0888439956556846
0.2675 2.02556541064175e-09 6.95482117599989e-09 -0.0888514824053974
0.268125 1.96795554915771e-09 6.67548157144531e-09 -0.0888660841836076
0.26875 1.96236940151877e-09 6.63493854335157e-09 -0.0888383355391269
0.269375 2.00351589162716e-09 7.12074116768346e-09 -0.0888138117900924
0.27 1.92843942552619e-09 6.73884715259103e-09 -0.088879368616376
0.270625 1.86043174531542e-09 6.20831132517409e-09 -0.0888666618201023
0.27125 1.84007262385445e-09 6.15478025081612e-09 -0.0888742542355001
0.271875 1.79259474230462e-09 5.86409440854026e-09 -0.0888888023872489
0.2725 1.76226989508041e-09 5.76546853971258e-09 -0.088861188717206
0.273125 1.89196484456012e-09 6.54613022339239e-09 -0.0888367299014604
0.27375 1.75456009699688e-09 5.96204559673982e-09 -0.0889025027770081
0.274375 1.62671330181137e-09 5.24518949048918e-09 -0.0888897641807794
0.275 1.60566448202658e-09 5.20022302544405e-09 -0.0888976733506573
0.275625 1.57405517222957e-09 4.91899672646115e-09 -0.0889128123626215
0.27625 1.52402910360582e-09 4.77473433625861e-09 -0.0888854198915873
0.276875 1.70737879384592e-09 5.80549474772803e-09 -0.088860560326513
0.2775 1.51258441830539e-09 5.01762033938062e-09 -0.0889266969146202
0.278125 1.35852671093537e-09 4.13361548606118e-09 -0.0889130399035512
0.27875 1.324177433516e-09 4.11888469066136e-09 -0.0889208068605198
0.279375 1.30726916298179e-09 3.86596702523216e-09 -0.0889365439940833
0.28 1.22913712123372e-09 3.65823695431345e-09 -0.0889087662213551
0.280625 1.50685162907366e-09 4.92633014130195e-09 -0.0888834598270643
0.28125 1.26307839670364e-09 3.98097408546797e-09 -0.0889501613747901
0.281875 1.04329412971514e-09 2.90370266957161e-09 -0.0889352133906179
0.2825 1.04904442468221e-09 2.99471489183278e-09 -0.0889430965061413
0.283125 1.0292651322962e-09 2.7638781083015e-09 -0.0889601710657742
0.28375 9.50988363622573e-10 2.5273257128364e-09 -0.0889315600090091
0.284375 1.26991749953969e-09 3.95220065926737e-09 -0.0889067174801449
0.285 9.91086104524394e-10 2.88229731094691e-09 -0.0889738967060941
0.285625 7.18291257377202e-10 1.63010400855837e-09 -0.088956804480845
0.28625 7.88268683180795e-10 1.94978554292819e-09 -0.0889642316109256
0.286875 8.34430845124717e-10 2.08551907537984e-09 -0.0889719847860662
0.2875 7.23808057086301e-10 1.67057954529895e-09 -0.088951694559878
0.288125 -6.57566653586719e-10 -4.5574744884011e-09 -0.0891468218810167
0.28875 -3.5897786032874e-11 -1.7520783557069e-09 -0.0890960574714906
0.289375 -2.13224633070931e-10 -2.43526492725137e-09 -0.0890205291226743
0.29 -1.04313971879008e-10 -1.97818805392892e-09 -0.0890428661133898
0.290625 -4.55761014161002e-11 -1.85640411811386e-09 -0.0890556627986238
0.29125 -1.31097186164006e-10 -2.19269892798985e-09 -0.0890310108335325
0.291875 -1.05685925989751e-09 -6.0760891546734e-09 -0.0892488552939705
0.2925 -6.64009744783529e-10 -4.51462935275006e-09 -0.0891844712430252
0.293125 -5.94871401290719e-10 -4.3708815421064e-09 -0.0891051889809915
0.29375 -8.33903797214814e-10 -5.61259983365479e-09 -0.0891004765331329
0.294375 -8.13173710502826e-10 -5.60851473975207e-09 -0.0891153818679268
0.295 -8.21416983509526e-10 -5.79888999508841e-09 -0.0890875632480902
0.295625 -1.35222356260098e-09 -8.04767095296391e-09 -0.0893301505117335
0.29625 -1.13098032302853e-09 -7.31086691755371e-09 -0.0892521719069768
0.296875 -1.09635574186301e-09 -7.3807116242379e-09 -0.0891586308287347
0.2975 -1.24399883707866e-09 -8.34839589273167e-09 -0.0891588119219321
0.298125 -1.21062365646558e-09 -8.34792794945046e-09 -0.0891777823028468
0.29875 -1.18109973780447e-09 -8.53239118709826e-09 -0.0891467306246467
0.299375 -1.48987396446824e-09 -9.61180463814326e-09 -0.0894376503346754
0.3 -1.25922754563942e-09 -9.13947997884774e-09 -0.0893833804112379
