#
0.005 0.00500000000296462  0.00500000000270222  0.034958069567494
0.01 0.00500000002683483  0.00500000002443229  0.0348755673698741
0.015 0.00500000011510467  0.00500000011043365  0.0347590705021721
0.02 0.00500000023288461  0.00500000022729017  0.0346089103598624
0.025 0.00500000029737914  0.00500000031245176  0.0344317095379886
0.03 0.0050000002897554  0.00500000040910813  0.0342298623229232
0.035 0.00500000019050362  0.00500000060692608  0.0340108808985963
0.04 0.00500000000444519  0.00500000087295488  0.0337762067544055
0.045 0.00499999974596841  0.00500000119671792  0.0335295665465591
0.05 0.00499999945306793  0.00500000151319387  0.033275458040816
0.055 0.00499999913927214  0.00500000181219791  0.0330155190832624
0.06 0.00499999876271861  0.00500000219358626  0.0327502845817265
0.065 0.00499999843065465  0.00500000244519565  0.0324811096363723
0.07 0.00499999811179229  0.00500000263815075  0.0322095845338973
0.075 0.00499999780721916  0.00500000277331265  0.03193665666614
0.08 0.00499999760499776  0.00500000274833526  0.0316626079847903
0.085 0.00499999738598481  0.00500000272275559  0.0313870535849585
0.09 0.0049999971858509  0.0050000026566932  0.031110052743706
0.095 0.00499999699547717  0.00500000256502362  0.0308322351949845
0.1 0.00499999683067081  0.00500000244829806  0.0305543107741878
0.105 0.00499999663475182  0.00500000235986202  0.0302763673671495
0.11 0.00499999646967115  0.00500000225513042  0.0299982430217853
0.115 0.00499999632606615  0.00500000214971218  0.0297194433368513
0.12 0.0049999962491704  0.00500000202326227  0.0294397011058541
0.125 0.00499999626059094  0.00500000187499423  0.0291595752887035
0.13 0.00499999637094768  0.00500000170605266  0.0288793330891904
0.135 0.00499999647944155  0.00500000155863221  0.0285992956715275
0.14 0.00499999658443649  0.00500000142958999  0.0283191161631046
0.145 0.00499999670541772  0.00500000130555194  0.0280384677633778
0.15 0.00499999680099416  0.00500000120128748  0.0277574346954959
0.155 0.00499999696944328  0.00500000107712141  0.0274760898902227
0.16 0.00499999721971971  0.00500000091985027  0.0271947675712576
0.165 0.00499999748094364  0.00500000074709557  0.0269139339363285
0.17 0.00499999776014119  0.00500000055400123  0.0266331078068387
0.175 0.00499999807005085  0.00500000032858447  0.0263524287589825
0.18 0.00499999835333638  0.00500000008423832  0.0260707273138837
0.185 0.0049999986663434  0.00499999982368948  0.0257883205967689
0.19 0.00499999894874064  0.00499999955966616  0.0255060224931375
0.195 0.00499999921857006  0.00499999930925616  0.0252242377509789
0.2 0.00499999945041434  0.00499999905398326  0.0249428036601515
0.205 0.00499999965844108  0.0049999988210293  0.0246615078255717
0.21 0.0049999998309248  0.00499999861663488  0.0243799808420221
0.215 0.00499999996662703  0.00499999841385114  0.0240975004965412
0.22 0.00500000007196493  0.00499999818636556  0.0238149753437185
0.225 0.00500000014356943  0.0049999980024844  0.0235325088540303
0.23 0.00500000018182272  0.00499999785113671  0.0232506475526603
0.235 0.00500000018945961  0.00499999773417901  0.0229689017333373
0.24 0.00500000016823712  0.00499999764095461  0.022687211816023
0.245 0.0050000001078025  0.00499999774312706  0.0224047941786001
0.25 0.00500000002750547  0.00499999778699702  0.0221217006760677
0.255 0.00499999993084137  0.00499999782653464  0.0218387139500237
0.26 0.00499999982352924  0.00499999790163281  0.0215562454764371
0.265 0.00499999970670012  0.00499999796174703  0.0212741434285733
0.27 0.00499999958760674  0.00499999803763298  0.0209921545213021
0.275 0.00499999948802214  0.00499999823307242  0.0207098610957523
0.28 0.00499999937346762  0.0049999983728557  0.0204266870097369
0.285 0.00499999925522161  0.00499999850444107  0.0201435393448643
0.29 0.00499999915343027  0.00499999866632322  0.019860564263783
0.295 0.00499999905999745  0.00499999883781994  0.0195781492590522
0.3 0.00499999896670159  0.00499999901138252  0.0192957512450258
0.305 0.00499999886376615  0.00499999918076992  0.0190134446819441
0.31 0.00499999870655659  0.00499999933141839  0.0187308044745711
0.315 0.00499999859099433  0.00499999952924531  0.0184477597096136
0.32 0.00499999851023021  0.00499999975980946  0.0181645904561047
0.325 0.00499999847628014  0.00500000000810622  0.0178817110127281
0.33 0.00499999841294735  0.00500000026232268  0.0175990896052895
0.335 0.00499999835169586  0.00500000052758874  0.017316637588573
0.34 0.00499999823654814  0.00500000082871581  0.0170343260793777
0.345 0.00499999815819443  0.00500000112932326  0.0167514655354227
0.35 0.00499999812182027  0.0050000014085826  0.0164682643954653
0.355 0.00499999815677521  0.00500000162275322  0.0161850669550442
0.36 0.00499999817157442  0.00500000184143103  0.0159021478540743
0.365 0.0049999981586747  0.00500000206286126  0.0156194437969905
0.37 0.00499999814663542  0.0050000022546022  0.0153371207894016
0.375 0.00499999813329482  0.00500000241299038  0.0150544973605681
0.38 0.00499999815886305  0.00500000248402184  0.014771288041806
0.385 0.00499999814848799  0.00500000256711226  0.0144877508860556
0.39 0.00499999810813771  0.00500000265469773  0.0142044199615948
0.395 0.00499999808967032  0.00500000268378374  0.0139216109243022
0.4 0.00499999808458261  0.00500000266894678  0.0136390823689559
0.405 0.00499999808755638  0.00500000261876376  0.0133567022549498
0.41 0.00499999814268407  0.00500000247716739  0.0130737896626628
0.415 0.00499999817190763  0.00500000235255384  0.0127902017884995
0.42 0.00499999817690035  0.00500000224182763  0.0125066628065397
0.425 0.00499999820085898  0.00500000208973221  0.0122236724194265
0.43 0.00499999820112396  0.00500000195266318  0.0119410579318473
0.435 0.00499999820725953  0.00500000179372958  0.0116585784849935
0.44 0.0049999981668811  0.00500000166158654  0.0113756986309695
0.445 0.00499999816729367  0.00500000147288246  0.0110919731583921
0.45 0.00499999815954754  0.00500000129613117  0.0108083616833955
0.455 0.00499999819064104  0.00500000110332079  0.0105249162156295
0.46 0.00499999824038784  0.00500000091614367  0.0102420414347254
0.465 0.00499999828807738  0.00500000074738694  0.00995932381618694
0.47 0.004999998301017  0.00500000061561093  0.00967660313551623
0.475 0.0049999982794103  0.00500000051608506  0.00939366750702567
0.48 0.0049999982891191  0.0050000004268476  0.00911034169177367
0.485 0.00499999832991842  0.00500000035067946  0.00882679761422627
0.49 0.00499999833534919  0.00500000030164939  0.00854341333580211
0.495 0.00499999831351329  0.00500000027848189  0.008260589017872
0.5 0.00499999825102213  0.00500000028129382  0.00797798681283827
