#
0.005 2.38917986913762e-09 1.60201314801005e-09 -0.0126025883093401
0.01 9.13820558518153e-09 8.18305967704961e-09 -0.0199693635340746
0.015 2.51570752121142e-08 2.53578022149611e-08 -0.0265942070119703
0.02 1.76558371004003e-08 1.70063978294903e-08 -0.0331034335361634
0.025 5.8916502893265e-09 1.34876683283716e-08 -0.0377225385243266
0.03 -9.03686774198356e-09 3.16665592596221e-08 -0.0425633487203735
0.035 -3.21824318203281e-08 4.28093603094769e-08 -0.0460559629543967
0.04 -4.46248936926833e-08 5.95061220760782e-08 -0.0477293974802904
0.045 -5.63623843239022e-08 7.44255981349886e-08 -0.0499785410205838
0.05 -6.19963318069307e-08 6.32990308633837e-08 -0.0518884586209299
0.055 -5.04341324983231e-08 2.57501692038728e-08 -0.0530029347298306
0.06 -6.54484840490112e-08 5.22959551927332e-08 -0.0530457233130698
0.065 -7.11049453738674e-08 5.53259935371023e-08 -0.0534258337323207
0.07 -8.61084972490253e-08 6.67111567616148e-08 -0.054517512411029
0.075 -5.29355796034683e-08 1.34526984824425e-08 -0.055160848439646
0.08 -1.48294095587565e-09 -5.30914625873585e-08 -0.0557215256043426
0.085 -3.72696590551271e-08 -1.47325950908923e-08 -0.0550883044861553
0.09 -4.36528450085526e-08 -1.08302091476242e-08 -0.0548776893645523
0.095 -7.23001743367719e-08 1.18639618016109e-08 -0.0550070939589575
0.1 -5.04660201422317e-08 -9.09388842127568e-09 -0.0558872480184059
0.105 -3.87821560776226e-08 -1.77677587318788e-08 -0.0560249415033743
0.11 1.88836224985817e-08 -5.39705603038223e-08 -0.0564198687400831
0.115 -1.36008977212875e-08 -2.92734925951552e-08 -0.0556852390211996
0.12 -3.22705451168505e-08 -1.38833798921299e-08 -0.0553957123121326
0.125 -4.17356017573161e-08 -4.06297093229857e-09 -0.0553854772806829
0.13 5.22948733592701e-08 -4.54794965980289e-08 -0.0561071218762624
0.135 2.51504623156538e-08 -2.94394224494184e-08 -0.056442298296042
0.14 5.69553364638046e-08 -4.06053280133286e-08 -0.0570139388401512
0.145 6.0933773872994e-08 -3.88317911255924e-08 -0.056204438474073
0.15 2.66166672271146e-08 -2.27343639739423e-08 -0.055742878078932
0.155 2.87626806708853e-08 -2.27638937170227e-08 -0.0555867520627469
0.16 1.20515223579078e-08 -1.9048167760146e-08 -0.0560425297869668
0.165 8.53855036499879e-08 -4.66605146366459e-08 -0.0565592006441636
0.17 6.6385667871085e-08 -4.37253816536285e-08 -0.056797534499469
0.175 8.92187438714533e-08 -5.26680476797846e-08 -0.0566191041964171
0.18 6.81521922511704e-08 -5.26111626620426e-08 -0.0560163836867194
0.185 5.55027911087769e-08 -5.28554234776066e-08 -0.0558037216102549
0.19 4.25825366593721e-08 -5.41439820311291e-08 -0.0559063464805777
0.195 4.49256251266844e-08 -5.42543684571233e-08 -0.0566302189081945
0.2 4.42403516150175e-08 -5.04847430471207e-08 -0.0566911817461673
0.205 4.54422635016657e-08 -2.47313987478631e-08 -0.0570535029912749
0.21 3.21569976069198e-08 -3.23007308840582e-08 -0.0563007637773364
0.215 2.41434810344119e-08 -3.65040362483549e-08 -0.0559856947522837
0.22 1.79678437193011e-08 -5.07704057875854e-08 -0.0558134855433447
0.225 1.22952893551174e-08 -6.16419817805063e-08 -0.0563186359969467
0.23 2.63651206394458e-09 -7.22351212279885e-09 -0.0567411330331022
0.235 -2.00555406366981e-09 -1.73401800699923e-08 -0.0569876967532493
0.24 -8.80662320059004e-09 1.27209502424593e-08 -0.0567589297437974
0.245 -1.32494495564874e-08 1.11885743626595e-08 -0.0561483881276011
0.25 -1.74294014185219e-08 1.95477808574492e-09 -0.0559419572923006
0.255 -2.10543173279458e-08 -1.18584032238563e-08 -0.0560365653014128
0.26 -2.38154557975277e-08 1.74258891223204e-09 -0.0567601702894642
0.265 -2.3984866665221e-08 1.53851204542192e-08 -0.0568256600530564
0.27 -2.33118790494228e-08 2.46359268540112e-08 -0.0572664580139199
0.275 -1.88388088267634e-08 3.91582701704811e-08 -0.0564811093607258
0.28 -2.16903209104119e-08 2.99408144052405e-08 -0.0561319721944424
0.285 -2.4723386480791e-08 2.22331823124691e-08 -0.0559263341568381
0.29 -3.1410157994922e-08 1.4385023730974e-08 -0.0563536677653633
0.295 -4.29237118043186e-09 5.51431431555285e-08 -0.0568801182943079
0.3 -2.13924749570324e-08 3.30240703417426e-08 -0.0571159810294419
0.305 5.62023106359556e-09 5.53368121276614e-08 -0.0569548527801894
0.31 -1.50452468685787e-08 4.19799413576725e-08 -0.0563161573109438
0.315 -2.1336285523529e-08 4.14530271870474e-08 -0.0559873701866335
0.32 -3.19775741712928e-08 4.31895976602586e-08 -0.056017394939322
0.325 -9.33144988162244e-09 5.08862814151228e-08 -0.0568210689489085
0.33 -1.08343169797559e-08 5.20549139168446e-08 -0.0569266050169125
0.335 -2.64056731047184e-08 5.96723107176355e-08 -0.0571687188260529
0.34 1.97800315565574e-09 5.27631642738386e-08 -0.0566428275952375
0.345 -1.07913135714937e-08 5.79786088798678e-08 -0.0561251178624526
0.35 -2.09651127453168e-08 6.44654231250413e-08 -0.0559496244476136
0.355 -1.83024642514735e-08 6.24667801817787e-08 -0.056226118830216
0.36 -2.71556049261287e-09 4.7259565595876e-08 -0.0570258451130123
0.365 -8.58301522883076e-09 4.84047708120821e-08 -0.0569932052417498
0.37 2.38597440281079e-08 4.10995597326888e-09 -0.0571750189890382
0.375 7.95897340403804e-09 1.48100239493437e-08 -0.0563950309406977
0.38 -3.09121573621372e-09 2.15991470393563e-08 -0.0560659175804132
0.385 -1.43025119164584e-08 2.94819754555536e-08 -0.0560177020190002
0.39 -2.71838688596224e-08 4.09563317312325e-08 -0.0566318497946912
0.395 1.14277347919861e-08 -1.83430218423602e-08 -0.0569081115785762
0.4 -1.03317772679233e-09 -6.36962750579528e-09 -0.0571598104802745
0.405 2.4734161381466e-08 -4.52842862442515e-08 -0.0568493517132407
0.41 1.05721935254801e-08 -2.94367157644495e-08 -0.0562298689277991
0.415 8.64440362877902e-11 -1.81509150328967e-08 -0.0560458029705525
0.42 -1.66121657663434e-08 -1.30367535602342e-09 -0.0561578213298872
0.425 -9.16658238750459e-09 -1.57879806342748e-08 -0.0568665936396328
0.43 1.41366474233902e-09 -3.09234635555411e-08 -0.0569266416966717
0.435 8.85629072962433e-09 -4.19684255381543e-08 -0.0573663871093884
0.44 1.35410589216662e-08 -4.97643670407571e-08 -0.0566044886076202
0.445 2.41790394804981e-09 -3.81540280295363e-08 -0.0562406845750701
0.45 -6.3957942443344e-09 -2.99862240174112e-08 -0.0560160064341402
0.455 -1.82745467408522e-08 -2.15340182810817e-08 -0.0564157149303177
0.46 5.17468614660952e-08 -5.86664612082096e-08 -0.056944832835078
0.465 4.86346915772796e-09 -3.01936968887987e-08 -0.0572000300097027
0.47 2.23641296564798e-08 -3.23612079493973e-08 -0.0571683321270335
0.475 1.05165288510243e-08 -2.24799689848705e-08 -0.0563873827915062
0.48 6.93032377578468e-10 -1.49186051924788e-08 -0.0560621600664304
0.485 -1.34975325645478e-08 -8.16074744893008e-09 -0.0560504968705174
0.49 -2.35764768356435e-08 -3.05533198173524e-09 -0.0567235044592862
0.495 -7.16126360178091e-11 -3.8607275766601e-09 -0.0569323716183961
0.5 -1.57464799647981e-08 2.80543258166403e-09 -0.0572130856568378
