#
0.001 0.00499999999992358  0.00499999999958904  0.0349983184085437
0.002 0.00500000000174042  0.00499999999545237  0.0349949897362561
0.003 0.00500000000988135  0.00499999998451419  0.0349900581924168
0.004 0.00500000002704673  0.00499999996936453  0.034983535589113
0.005 0.00500000005330861  0.00499999995279327  0.0349754276977182
0.006 0.00500000008546492  0.0049999999363575  0.0349657244651544
0.007 0.00500000012051821  0.00499999991954117  0.0349543691689614
0.008 0.00500000015808321  0.00499999990143375  0.034941341641725
0.009 0.00500000019675704  0.00499999988379976  0.0349267297866542
0.01 0.00500000023505577  0.00499999986627263  0.0349106843425306
0.011 0.00500000027344053  0.00499999984908057  0.0348932670910554
0.012 0.00500000031190544  0.00499999983201676  0.034874497228971
0.013 0.00500000035028708  0.00499999981470937  0.0348543716457549
0.014 0.00500000038850787  0.00499999979690997  0.0348328479280398
0.015 0.00500000042606976  0.00499999977861352  0.0348099376843655
0.016 0.0050000004620341  0.00499999975968481  0.0347856713553305
0.017 0.00500000049453669  0.00499999974066236  0.0347600517758264
0.018 0.00500000052431693  0.00499999972199091  0.0347330602834031
0.019 0.00500000055253395  0.00499999970399639  0.0347044942820678
0.02 0.00500000058643569  0.00499999968272947  0.0346745894481915
0.021 0.00500000061320186  0.00499999966399675  0.0346436502690513
0.022 0.00500000063086977  0.00499999964971309  0.0346113916864916
0.023 0.00500000066226146  0.00499999962807454  0.034577960356835
0.024 0.00500000068583845  0.00499999961068394  0.0345436447303119
0.025 0.00500000070144205  0.00499999959725516  0.034508290381114
0.026 0.00500000071329764  0.00499999958540238  0.0344717483052014
0.027 0.00500000072155323  0.00499999957485924  0.0344340266533532
0.028 0.00500000072663506  0.00499999956642613  0.0343950382882595
0.029 0.0050000007346753  0.00499999955643339  0.0343545501956559
0.03 0.00500000074666058  0.0049999995458405  0.0343132756234168
0.031 0.00500000075099832  0.00499999954192009  0.034270919490391
0.032 0.005000000769849  0.00499999953199357  0.0342277928158924
0.033 0.00500000077855944  0.00499999953100642  0.0341840497028197
0.034 0.00500000078221582  0.0049999995350674  0.0341393288252735
0.035 0.005000000783551  0.00499999954243026  0.0340935531203492
0.036 0.00500000078097261  0.00499999955455604  0.0340465168598601
0.037 0.00500000079251056  0.00499999956222711  0.0339982776492258
0.038 0.00500000079688939  0.00499999957945319  0.0339494731113537
0.039 0.00500000081933928  0.00499999959291824  0.0338998634276214
0.04 0.00500000083481583  0.00499999961643836  0.0338499794739862
0.041 0.00500000084512796  0.00499999964724554  0.0337992692937258
0.042 0.00500000085389969  0.00499999968269727  0.0337475934907908
0.043 0.00500000086124618  0.00499999972393944  0.0336945817341696
0.044 0.00500000088937502  0.00499999976440093  0.0336409607559212
0.045 0.0050000009153576  0.00499999981258763  0.0335865946754599
0.046 0.00500000095575603  0.00499999986461343  0.0335321618062604
0.047 0.00500000098614385  0.00499999992437935  0.0334772149554933
0.048 0.00500000101463417  0.0049999999879256  0.0334214053907613
0.049 0.00500000103756381  0.00500000005484558  0.033364360886324
0.05 0.00500000108615275  0.00500000012660323  0.0333067171183164
0.051 0.00500000113030529  0.00500000020334573  0.0332485105745046
0.052 0.0050000011928935  0.00500000028771764  0.0331904370146738
0.053 0.00500000124300282  0.00500000037425325  0.033131879296115
0.054 0.00500000129030919  0.00500000046197691  0.0330724980263879
0.055 0.00500000134049147  0.00500000055272029  0.0330118529933367
0.056 0.0050000014003663  0.0050000006490859  0.0329510247177706
0.057 0.00500000148617445  0.0050000007601178  0.0328898462644917
0.058 0.00500000155930272  0.00500000086798245  0.0328288420012981
0.059 0.005000001623944  0.00500000097317774  0.0327672147053309
0.06 0.00500000167722516  0.00500000107172419  0.0327045342392229
0.061 0.00500000176434962  0.0050000011919197  0.0326412196735268
0.062 0.00500000183765482  0.00500000130453504  0.0325776087517192
0.063 0.00500000193457462  0.00500000143481341  0.0325144074632339
0.064 0.0050000020104331  0.00500000155146164  0.0324508101418953
0.065 0.00500000207030424  0.00500000165505711  0.0323863901506692
0.066 0.00500000217344787  0.00500000179264671  0.0323210159011612
0.067 0.0050000022345914  0.00500000189582103  0.032255548306492
0.068 0.00500000234478881  0.0050000020404533  0.032190463898781
0.069 0.00500000241419826  0.00500000215037262  0.0321251954807365
0.07 0.00500000246546572  0.00500000224238163  0.0320591983385527
0.071 0.0050000025465007  0.00500000236004864  0.0319921892055886
0.072 0.00500000261588726  0.0050000024663591  0.03192517104463
0.073 0.00500000272534084  0.00500000261025426  0.0318585494127079
0.074 0.00500000278764827  0.00500000270921538  0.0317918525861186
0.075 0.00500000282510104  0.00500000278198335  0.0317244551544342
0.076 0.00500000289241623  0.00500000288250705  0.0316560709268525
0.077 0.00500000293145329  0.00500000295412875  0.0315877435479529
0.078 0.00500000302573278  0.00500000308117498  0.0315199460671904
0.079 0.00500000306322216  0.00500000314998963  0.0314520254688662
0.08 0.00500000306915323  0.00500000318395335  0.0313833674719271
0.081 0.00500000311347533  0.00500000325609266  0.0313138953074687
0.082 0.0050000031654305  0.00500000333553764  0.0312444839079421
0.083 0.00500000322832488  0.00500000342672903  0.0311757501211205
0.084 0.00500000324131163  0.00500000346387838  0.0311067776397098
0.085 0.00500000322105959  0.00500000346309957  0.031036920676561
0.086 0.00500000325453938  0.00500000351876635  0.0309666263116183
0.087 0.00500000330184627  0.00500000358881035  0.0308963957995757
0.088 0.00500000332945098  0.00500000363788006  0.0308268663985838
0.089 0.0050000033144182  0.00500000363907081  0.0307569605189736
0.09 0.00500000326419924  0.0050000035993974  0.0306860037507754
0.091 0.0050000032550796  0.00500000360423162  0.0306150578840313
0.092 0.0050000032817827  0.00500000364855483  0.0305443120212884
0.093 0.00500000325892958  0.00500000363819044  0.0304740621668219
0.094 0.00500000320249237  0.00500000358862434  0.0304032990659151
0.095 0.00500000314569282  0.00500000353679681  0.0303314949367527
0.096 0.00500000308190635  0.00500000347672059  0.0302598868979668
0.097 0.00500000308300419  0.00500000349008571  0.0301888733976934
0.098 0.00500000301919496  0.00500000343010309  0.0301179366425343
0.099 0.00500000292005316  0.00500000332830965  0.0300463042694803
0.1 0.00500000287437914  0.0050000032861689  0.0299740246525873
0.101 0.00500000282363314  0.00500000323821914  0.0299019055742076
0.102 0.00500000276801989  0.00500000318560672  0.0298306062722094
0.103 0.00500000267399786  0.00500000308795994  0.0297590259143953
0.104 0.00500000255306903  0.00500000295749455  0.0296864254794056
0.105 0.00500000246339143  0.00500000286280375  0.0296138672389142
0.106 0.00500000239680016  0.00500000279486452  0.0295415986885257
0.107 0.00500000230428111  0.00500000269710968  0.0294698632842314
0.108 0.00500000218927912  0.00500000257141234  0.0293976181186417
0.109 0.00500000208429598  0.00500000245589771  0.029324404634641
0.11 0.00500000196861459  0.00500000232746697  0.0292514322776982
0.111 0.00500000189458782  0.00500000224853246  0.0291792410737239
0.112 0.00500000178574423  0.00500000212826119  0.029107005911802
0.113 0.00500000165659231  0.00500000198247821  0.0290339319294298
0.114 0.00500000155496846  0.0050000018685878  0.0289605436109265
0.115 0.00500000147159087  0.00500000177621155  0.0288874085849289
0.116 0.00500000137028001  0.00500000166327212  0.0288150348108746
0.117 0.00500000125483132  0.0050000015321051  0.0287422591146018
0.118 0.00500000114688851  0.00500000140805575  0.0286684788419277
0.119 0.00500000104080087  0.00500000128524769  0.0285949161519799
0.12 0.00500000095723908  0.00500000119044245  0.0285220132052576
0.121 0.00500000085449411  0.00500000107158368  0.02844926967317
0.122 0.00500000074546019  0.00500000094273756  0.0283758071171475
0.123 0.00500000064993865  0.00500000082923471  0.0283018149946464
0.124 0.0050000005631191  0.00500000072578938  0.0282280849039518
0.125 0.00500000047446009  0.00500000062036739  0.0281552106620817
0.126 0.00500000038451505  0.00500000051052111  0.0280820081449592
0.127 0.00500000029856056  0.00500000040298769  0.028007795013027
0.128 0.00500000021814427  0.00500000030068746  0.0279337756994766
0.129 0.00500000014675275  0.00500000020906443  0.0278603307958343
0.13 0.00500000007629734  0.00500000011613336  0.0277871774213407
0.131 0.00500000001092605  0.0050000000262719  0.0277133805541085
0.132 0.00499999995054489  0.0049999999402392  0.0276389627880334
0.133 0.00499999989458288  0.00499999985676646  0.0275648253501334
0.134 0.00499999984394858  0.00499999977808272  0.0274915629944824
0.135 0.00499999980186284  0.00499999970631663  0.0274180148107912
0.136 0.00499999976401648  0.00499999963706216  0.027343465534198
0.137 0.0049999997317078  0.00499999957145606  0.0272690908235792
0.138 0.00499999969831425  0.0049999994994838  0.027195280767209
0.139 0.00499999967724223  0.00499999944163695  0.0271218050114181
0.14 0.00499999966580158  0.00499999939522482  0.0270477007473044
0.141 0.00499999965524992  0.00499999934603039  0.0269729264535968
0.142 0.00499999964647474  0.00499999929325077  0.0268984777586405
0.143 0.00499999964370439  0.00499999924552916  0.0268249158615304
0.144 0.00499999965121503  0.00499999921161549  0.026751074677763
0.145 0.00499999966136979  0.00499999917918266  0.0266762238318625
0.146 0.00499999967642332  0.00499999915111536  0.0266015658108517
0.147 0.00499999968881849  0.00499999910701215  0.0265274939722672
0.148 0.00499999971372955  0.00499999908562209  0.0264537460389764
0.149 0.00499999974657883  0.00499999907989442  0.0263793570714046
0.15 0.00499999977758576  0.00499999905996329  0.0263043677040651
0.151 0.00499999981335733  0.00499999904400646  0.0262296762488929
0.152 0.0049999998527004  0.0049999990297736  0.0261558771810935
0.153 0.00499999989825015  0.00499999903191973  0.0260817757385441
0.154 0.00499999994649481  0.00499999903983751  0.0260066685505961
0.155 0.0049999999970551  0.00499999904958629  0.0259317906259143
0.156 0.00500000005028008  0.00499999903573802  0.0258575360493376
0.157 0.00500000010660221  0.00499999904558282  0.0257835521091894
0.158 0.00500000016392095  0.00499999906871336  0.0257088695646955
0.159 0.00500000022423751  0.00499999908165824  0.0256336750277293
0.16 0.00500000028899335  0.00499999908833111  0.0255587880454061
0.161 0.00500000035441194  0.00499999910048254  0.0254847877335388
0.162 0.00500000041892257  0.00499999912737541  0.025410446175935
0.163 0.00500000048666776  0.00499999915237185  0.0253351044830036
0.164 0.00500000055255919  0.00499999918242193  0.0252600124895773
0.165 0.00500000062998036  0.00499999919680141  0.0251856613885801
0.166 0.00500000069640721  0.00499999923099662  0.0251114683541191
0.167 0.0050000007543686  0.00499999927795716  0.0250365182086813
0.168 0.00500000082473421  0.00499999931261258  0.0249612085731089
0.169 0.00500000090421454  0.00499999934112974  0.0248862237220388
0.17 0.00500000097159631  0.00499999937880816  0.024812063638217
0.171 0.00500000102922731  0.00499999942525087  0.024737507181745
0.172 0.00500000108367577  0.00499999947439797  0.0246619488774485
0.173 0.00500000114409147  0.00499999951944132  0.0245867018411868
0.174 0.00500000121923207  0.00499999955704161  0.0245122975812223
0.175 0.00500000127098874  0.00499999960572078  0.0244379199556616
0.176 0.0050000013037516  0.00499999966141492  0.0243626887618289
0.177 0.00500000135890295  0.00499999970995805  0.0242872972015606
0.178 0.00500000141623427  0.00499999975832766  0.0242122804946999
0.179 0.00500000146446143  0.00499999980746445  0.0241379722056133
0.18 0.00500000149702437  0.00499999986028164  0.0240632021620385
0.181 0.00500000152922813  0.0049999999138661  0.0239875021723821
0.182 0.00500000157047654  0.00499999996605774  0.0239121371237725
0.183 0.00500000162303465  0.00500000001638688  0.0238376850302653
0.184 0.00500000164633  0.00500000006825215  0.0237631304559256
0.185 0.00500000164862013  0.00500000011979954  0.0236876280542315
0.186 0.00500000167232061  0.00500000017148483  0.023612168481119
0.187 0.00500000172351675  0.00500000022582571  0.0235371389577127
0.188 0.0050000017383553  0.00500000027563026  0.0234626899785091
0.189 0.00500000173036949  0.00500000032275543  0.0233876999019796
0.19 0.0050000017448024  0.00500000037409539  0.0233119425462889
0.191 0.0050000017488522  0.00500000042291972  0.0232364961061215
0.192 0.0050000017590825  0.00500000047123118  0.0231619917265405
0.193 0.00500000174122048  0.0050000005132057  0.0230872636204391
0.194 0.00500000170954659  0.00500000055128959  0.0230115050919647
0.195 0.00500000168891476  0.00500000059135329  0.0229359512404039
0.196 0.00500000170026007  0.00500000064141745  0.0228610049652939
0.197 0.00500000166963109  0.00500000067584373  0.0227864154704661
0.198 0.00500000161497004  0.00500000070073675  0.0227111784524433
0.199 0.00500000158356581  0.0050000007352597  0.0226353771022072
0.2 0.00500000156316716  0.00500000077446773  0.0225598945437473
0.201 0.00500000152675142  0.00500000080346009  0.022485323207148
0.202 0.00500000147143857  0.00500000082270007  0.022410421506765
0.203 0.00500000141992221  0.00500000084409793  0.0223345206358939
0.204 0.00500000135969754  0.00500000085882989  0.0222588769509616
0.205 0.00500000132662722  0.00500000088846856  0.0221840070235953
0.206 0.00500000126336617  0.00500000089739922  0.0221092809040872
0.207 0.00500000118470266  0.00500000089450122  0.0220337484942856
0.208 0.00500000112196388  0.00500000090250826  0.0219579303868278
0.209 0.00500000106940571  0.00500000091769762  0.0218825042156181
0.21 0.0050000010030855  0.00500000091854244  0.0218078485910926
0.211 0.00500000092427248  0.00500000090666738  0.0217327599691315
0.212 0.00500000084668151  0.0050000008956054  0.0216567452656017
0.213 0.00500000077452302  0.00500000088831272  0.0215810159626629
0.214 0.00500000070956831  0.00500000088576842  0.0215062073000907
0.215 0.00500000063178667  0.00500000086599133  0.0214313395170254
0.216 0.00500000054721714  0.00500000083516137  0.0213555345408605
0.217 0.00500000047122461  0.00500000081370236  0.0212797522315
0.218 0.00500000040152652  0.00500000080134248  0.0212044136698177
0.219 0.00500000032675067  0.00500000077491977  0.0211296597124394
0.22 0.00500000024944919  0.00500000073864607  0.021054367082564
0.221 0.00500000017628338  0.00500000071253036  0.0209783080168615
0.222 0.00500000010323255  0.00500000068176286  0.0209025661424589
0.223 0.00500000003299766  0.00500000065259974  0.0208277769507967
0.224 0.0049999999631119  0.00500000061190704  0.0207527574545129
0.225 0.00499999989488402  0.00500000056610377  0.020676703388195
0.226 0.00499999982866625  0.00500000052557564  0.0206008752131429
0.227 0.0049999997607536  0.00500000049565311  0.020525683819932
0.228 0.00499999969961864  0.00500000045198483  0.0204508191632001
0.229 0.00499999964423405  0.0050000004025808  0.0203752602586809
0.23 0.00499999958651268  0.00500000035909767  0.0202991969715015
0.231 0.00499999952761236  0.00500000031834496  0.0202235064517868
0.232 0.00499999947549025  0.00500000027366284  0.0201486846845946
0.233 0.00499999943247645  0.00500000022480318  0.0200735017407782
0.234 0.00499999939199722  0.00500000017666709  0.0199973353728306
0.235 0.00499999935074436  0.00500000013109055  0.0199214428033774
0.236 0.00499999930396155  0.00500000008769253  0.019846377844584
0.237 0.00499999927245387  0.00500000004168493  0.0197713918134419
0.238 0.00499999925418908  0.00499999999612281  0.0196955496955354
0.239 0.00499999922459659  0.00499999995293317  0.0196195586590363
0.24 0.0049999991876984  0.00499999991010019  0.0195439495092284
0.241 0.00499999916689543  0.00499999986863649  0.0194690632923051
0.242 0.00499999915895268  0.00499999982974822  0.019393696892296
0.243 0.00499999914656103  0.00499999979173629  0.0193174729058866
0.244 0.00499999914327085  0.00499999975762497  0.0192415658774364
0.245 0.00499999912750137  0.00499999972107153  0.0191666013230854
0.246 0.0049999991285859  0.00499999968973765  0.0190914841049826
0.247 0.00499999913717081  0.00499999966218513  0.0190153788422183
0.248 0.0049999991461914  0.00499999963719908  0.0189394134005561
0.249 0.00499999913985472  0.00499999960686111  0.0188639807687558
0.25 0.00499999915266148  0.0049999995850836  0.018789008098973
0.251 0.00499999917820117  0.00499999957054649  0.0187134136645074
0.252 0.0049999991904633  0.00499999955125379  0.01863720696758
0.253 0.00499999920912001  0.00499999953707222  0.0185613338206777
0.254 0.00499999922947895  0.00499999952499932  0.0184863841404197
0.255 0.00499999926155337  0.004999999520963  0.0184111192946174
0.256 0.00499999929457002  0.00499999951908977  0.0183348620287102
0.257 0.00499999933046798  0.00499999952167726  0.0182588533841539
0.258 0.00499999935419156  0.00499999951749906  0.018183629561047
0.259 0.00499999939447504  0.00499999952616292  0.0181085516723052
0.26 0.0049999994433881  0.00499999954292657  0.0180326586141574
0.261 0.00499999948475875  0.00499999955616609  0.0179564999858401
0.262 0.00499999952186789  0.00499999956786257  0.0178807524020457
0.263 0.00499999956528241  0.00499999958667864  0.0178057649350491
0.264 0.00499999961506598  0.00499999961257106  0.017730323996417
0.265 0.00499999966414737  0.00499999963969516  0.017653952233398
0.266 0.00499999971096063  0.00499999966721944  0.0175779265898647
0.267 0.00499999975519282  0.00499999969431585  0.0175028396480356
0.268 0.00499999980492462  0.00499999972941376  0.0174276394720306
0.269 0.00499999985666472  0.00499999976890257  0.0173514436303974
0.27 0.00499999990526002  0.00499999980720279  0.0172753634177769
0.271 0.00499999995187968  0.00499999984441808  0.0171998015593441
0.272 0.00499999999999304  0.0049999998879816  0.0171247375422597
0.273 0.00500000004752599  0.00499999993417005  0.0170490785777996
0.274 0.00500000009459881  0.00499999998080173  0.0169727293740241
0.275 0.00500000014139403  0.00500000002957117  0.0168967516703114
0.276 0.00500000018668082  0.00500000008064075  0.0168217044783838
0.277 0.00500000022874894  0.00500000013225715  0.0167463616390384
0.278 0.00500000026896692  0.00500000018372702  0.0166699815893022
0.279 0.00500000030854118  0.00500000023678143  0.0165938805633705
0.28 0.00500000035219799  0.00500000029582285  0.0165185438646664
0.281 0.00500000038721582  0.00500000035062195  0.0164433835239995
0.282 0.00500000041587235  0.00500000040090087  0.0163674205719391
0.283 0.00500000044852938  0.00500000045611585  0.0162911649962595
0.284 0.00500000048398109  0.00500000051671451  0.0162153150671402
0.285 0.00500000051180991  0.0050000005725796  0.0161402425395591
0.286 0.00500000053154169  0.00500000062109601  0.0160647291925415
0.287 0.00500000055137479  0.00500000067021601  0.0159882723015355
0.288 0.00500000057177628  0.00500000072174674  0.0159121605989479
0.289 0.00500000059448756  0.00500000077900683  0.0158369811172225
0.29 0.00500000060481687  0.00500000082225789  0.0157617019943109
0.291 0.00500000060680901  0.00500000085458842  0.0156854308240473
0.292 0.0050000006136196  0.00500000089428558  0.0156092639646115
0.293 0.00500000063032753  0.00500000095032376  0.01553361283246
0.294 0.0050000006311864  0.00500000098529638  0.015458471394013
0.295 0.00500000062263888  0.00500000100617626  0.0153827394479813
0.296 0.00500000061873557  0.00500000103459356  0.0153063105232499
0.297 0.00500000061684126  0.00500000106746769  0.0152302539845797
0.298 0.00500000061133084  0.00500000109636846  0.0151551289165326
0.299 0.0050000005951437  0.00500000110732439  0.0150797093018328
0.3 0.00500000057520038  0.00500000111154958  0.0150032520061091
