#
0.001 -1.81691019504723e-10 -1.23634679674004e-09 -0.00252416411421468
0.002 4.84031783458142e-09 -7.8867252289835e-09 -0.00413214947155178
0.003 1.22838939193003e-08 -1.35269584591886e-08 -0.00572881337511712
0.004 2.19813650117085e-08 -1.62387813958537e-08 -0.0073152853730293
0.005 2.99042176743646e-08 -1.66274817950251e-08 -0.00890190079814363
0.006 3.40493863682542e-08 -1.63287187568818e-08 -0.0105113526230459
0.007 3.62382628114477e-08 -1.76746498613527e-08 -0.0122255299550646
0.008 3.8135477589012e-08 -1.80904392260528e-08 -0.013833064749133
0.009 3.85973851998221e-08 -1.7602517846666e-08 -0.0153341759757774
0.01 3.82014858801553e-08 -1.73777526227664e-08 -0.0167386614109859
0.011 3.84689460699467e-08 -1.70018192167563e-08 -0.018096074663591
0.012 3.84685287846624e-08 -1.72372773563258e-08 -0.0194438089401896
0.013 3.81045100125867e-08 -1.73414007331506e-08 -0.020821260866348
0.014 3.80673799874637e-08 -1.80369472694608e-08 -0.022215794098621
0.015 3.69184907959084e-08 -1.85242911402829e-08 -0.0236064826681619
0.016 3.40556236964958e-08 -1.89583525838232e-08 -0.0249379237622026
0.017 3.14405801122907e-08 -1.92521458756072e-08 -0.0262948012564188
0.018 2.77721354239131e-08 -1.76627822423433e-08 -0.0277234159184427
0.019 3.1153065277795e-08 -1.97082323088533e-08 -0.0294009339492952
0.02 3.0159783060347e-08 -1.97608192665515e-08 -0.0304122455763318
0.021 2.33712034036018e-08 -1.73801270438317e-08 -0.0315471398651633
0.022 2.97359610624437e-08 -2.08613818269018e-08 -0.0329674503406384
0.023 2.89179083091891e-08 -2.0187338531809e-08 -0.0338454640035276
0.024 1.96421669528486e-08 -1.54282437877403e-08 -0.0348115044129371
0.025 1.40663635075722e-08 -1.26810673532951e-08 -0.0359461573873474
0.026 9.31723941261194e-09 -1.08859859633152e-08 -0.0371526364422766
0.027 6.60438719812015e-09 -9.50750897196646e-09 -0.0383392504926964
0.028 1.03426949061401e-09 -5.9718480367351e-09 -0.0396994584123264
0.029 1.95893390261372e-08 -1.61261730849879e-08 -0.0409454596210405
0.03 7.44346561336112e-09 -6.84353080849043e-09 -0.0417004667667201
0.031 1.94083422909051e-08 -1.17933906688804e-08 -0.042928458726685
0.032 1.39322357047838e-08 -5.2518545468201e-09 -0.0433556715003385
0.033 3.40151791143075e-09 3.39744042656194e-09 -0.0441864050974796
0.034 1.41574336649037e-09 6.1418562364154e-09 -0.0452639080674257
0.035 2.98992555202419e-10 9.26048166313177e-09 -0.0463539553498111
0.036 -1.36554694598313e-09 1.2697588045594e-08 -0.0478787763623789
0.037 1.10906602921123e-08 1.10061140953419e-08 -0.0483763790140992
0.038 4.09833976125279e-09 1.99943137700422e-08 -0.0494770124221103
0.039 2.18280502584558e-08 1.73785515017178e-08 -0.0496158279045725
0.04 9.40953962938012e-09 2.90685037424474e-08 -0.0502306094596304
0.041 1.10032120658912e-08 3.24265292100237e-08 -0.0511826563292569
0.042 7.86454356523314e-09 3.84514956249517e-08 -0.0522358362648799
0.043 3.86880818597209e-08 3.33773919264095e-08 -0.0536460358311551
0.044 1.99564469501523e-08 4.64368692499551e-08 -0.0538478383108573
0.045 4.62517043518546e-08 4.67626169494739e-08 -0.0545163100897003
0.046 3.39325740184435e-08 5.674590096368e-08 -0.0545733524169675
0.047 2.8274781336357e-08 6.19245847966253e-08 -0.0553783853579311
0.048 2.75729577759595e-08 6.5402557284919e-08 -0.0563212123897344
0.049 3.05703668736064e-08 6.89509687747072e-08 -0.0578502548600752
0.05 3.99357317002097e-08 7.38059989197383e-08 -0.0577654651385181
0.051 7.45487101651403e-08 8.30934637454896e-08 -0.0581558014509092
0.052 5.33819825904922e-08 8.53595092660214e-08 -0.058179153287863
0.053 5.23865090786122e-08 8.85145835858277e-08 -0.0589468637160846
0.054 4.27893736124381e-08 8.69945930398139e-08 -0.0599297615869187
0.055 8.07553497139078e-08 1.0315419688666e-07 -0.0607918964856363
0.056 2.00478150077085e-08 7.97586584541846e-08 -0.0612215466704192
0.057 8.5178365154694e-08 1.12241787177733e-07 -0.0608796523461672
0.058 6.85294707485961e-08 1.06973124527787e-07 -0.0612733001903469
0.059 5.7262135457261e-08 1.0108208237242e-07 -0.0620300357975213
0.06 4.71904671449557e-08 9.47534843048315e-08 -0.0634844003845564
0.061 7.10506959871738e-08 1.1042959508157e-07 -0.0632441498502859
0.062 1.20265150745541e-07 1.45355814477327e-07 -0.0633877455359517
0.063 7.50726018785138e-08 1.15608812143513e-07 -0.063269285296734
0.064 7.22586757255481e-08 1.13685699929758e-07 -0.0638904784355587
0.065 3.39051041347013e-08 8.2556819299469e-08 -0.0650936992635845
0.066 8.33377166047423e-08 1.21667351030815e-07 -0.065106109665618
0.067 1.39572808650261e-07 1.68601728553144e-07 -0.0655033738825143
0.068 8.06462766423694e-08 1.19896873690196e-07 -0.0649815409354298
0.069 7.14333552468913e-08 1.1100666340798e-07 -0.0655574069329535
0.07 2.79091358323484e-08 6.98104124853901e-08 -0.066610064368358
0.071 7.9793709702192e-08 1.16212224552212e-07 -0.0667461201367709
0.072 1.25534562053554e-07 1.58364451481624e-07 -0.067227366018333
0.073 7.65314782610496e-08 1.13078264056488e-07 -0.0664404842349056
0.074 6.34042756755216e-08 9.91284205176803e-08 -0.0669676407908845
0.075 8.14386434219273e-09 4.2802365420851e-08 -0.0680099833032782
0.076 6.47766305290403e-08 9.78455023280453e-08 -0.0680377599901649
0.077 1.36612745039161e-07 1.6896656654651e-07 -0.0682993276513539
0.078 5.14515018770081e-08 8.3839588831929e-08 -0.0676567860203465
0.079 2.95570984926067e-08 5.96391707836859e-08 -0.0681605713031009
0.08 -4.63897069832551e-09 2.18355269543191e-08 -0.069464103899471
0.081 3.49247208807295e-08 6.21460129265055e-08 -0.069112687317314
0.082 1.17092830901481e-07 1.47658729009355e-07 -0.0690847966911835
0.083 6.66866966665231e-09 3.14475032369855e-08 -0.0687151202073461
0.084 -1.68552032082936e-09 2.04036515213312e-08 -0.0692413933111387
0.085 -3.97371639996453e-08 -2.2762732250628e-08 -0.0706582015196709
0.086 -1.06301206882439e-08 7.87345123011028e-09 -0.0701548929582835
0.087 7.26955792789148e-08 9.79659418580377e-08 -0.0696455430088933
0.088 2.35813348789385e-09 2.11069800610972e-08 -0.0696392538281554
0.089 -2.74407695737335e-08 -1.35486283325285e-08 -0.0702603458475872
0.09 3.58364745527242e-08 5.43098892099891e-08 -0.0713767536176692
0.091 -1.53456507864607e-07 -1.55246605366167e-07 -0.0711392253505927
0.092 9.87323111631315e-09 2.63216749428203e-08 -0.0702088979756008
0.093 -4.22696898845565e-08 -3.26661925590819e-08 -0.0704656768179475
0.094 -7.9171314844101e-08 -7.61128000940036e-08 -0.0712278857647592
0.095 -1.13440570967819e-08 -8.99693301048189e-10 -0.0715351334038385
0.096 1.54945099655939e-08 2.86362790858789e-08 -0.0717731121807935
0.097 -4.49548083511004e-08 -3.82802574766637e-08 -0.0707207658879821
0.098 -7.43869055259733e-08 -7.28333599878333e-08 -0.071138577852415
0.099 -1.15668620120009e-07 -1.21617791586618e-07 -0.0724331168374472
0.1 -8.07066058083551e-08 -8.18524492361576e-08 -0.071946904747742
0.101 -1.01333675835431e-08 -9.81208364365117e-10 -0.0715543971285279
0.102 -8.08378328872999e-08 -8.15720560388553e-08 -0.0713443435132358
0.103 -1.08276102231324e-07 -1.14922785060349e-07 -0.071908045736968
0.104 -4.8989868457745e-08 -4.79124500868846e-08 -0.0730270413044007
0.105 -2.44505578687264e-07 -2.74692694602413e-07 -0.0727389455083639
0.106 -6.65056341567271e-08 -6.72471643821119e-08 -0.0716942643768071
0.107 -1.08423806374658e-07 -1.17237822589201e-07 -0.0719469598500411
0.108 -1.34739322671667e-07 -1.496720774429e-07 -0.0727614479260872
0.109 -9.12409569116687e-08 -9.93955150697711e-08 -0.0728005599641271
0.11 -4.53512361392175e-08 -4.59045411328354e-08 -0.0728146404897354
0.111 -1.07054406804978e-07 -1.17449752332967e-07 -0.0720155005618876
0.112 -1.17839251312406e-07 -1.31483199478028e-07 -0.0724627776964378
0.113 -1.47357716970268e-07 -1.687027055334e-07 -0.073860831858072
0.114 -1.24859919950269e-07 -1.41743394917505e-07 -0.0732672413586503
0.115 -8.31152425283816e-08 -9.16696601138928e-08 -0.0724529826700681
0.116 -1.10656446474569e-07 -1.24619722059085e-07 -0.0725017965445117
0.117 -1.21545763262264e-07 -1.39391790843841e-07 -0.0731734898800068
0.118 -9.0114866828672e-08 -1.02966068510354e-07 -0.0735941854003503
0.119 -7.8136292200015e-08 -8.8923653649136e-08 -0.0737120088949534
0.12 -9.88765319515995e-08 -1.12994605286569e-07 -0.0725525246109021
0.121 -1.03840760057499e-07 -1.2131447034859e-07 -0.0729244857005534
0.122 -1.092105138526e-07 -1.30363316574265e-07 -0.0743201804576616
0.123 -9.98775979624835e-08 -1.1938039950306e-07 -0.0736969715119122
0.124 -8.17523875647592e-08 -9.65732219785326e-08 -0.0730446937827412
0.125 -9.11925839222421e-08 -1.09612074448375e-07 -0.072948190749094
0.126 -8.90979847943373e-08 -1.10235784013409e-07 -0.0735698864665501
0.127 -7.57042611712493e-08 -9.45439139624702e-08 -0.0741775067156315
0.128 -7.40555670459158e-08 -9.54376750104244e-08 -0.0742525973225696
0.129 -7.20510601062553e-08 -9.29389125359766e-08 -0.0730046645774325
0.13 -6.73234021834248e-08 -9.09090036898371e-08 -0.0733375660351768
0.131 -6.31959251467628e-08 -8.85932562108086e-08 -0.0746029326323264
0.132 -5.73238198333966e-08 -8.38036380120656e-08 -0.0740577154398543
0.133 -5.48535437395115e-08 -8.28952985775605e-08 -0.0734928085279581
0.134 -4.67156928933344e-08 -7.56531461345458e-08 -0.0733100819859105
0.135 -3.83430413230661e-08 -6.80237605395217e-08 -0.0739031183413572
0.136 -4.1508016398882e-08 -7.67460098143486e-08 -0.0745857795110465
0.137 -3.52976892911772e-08 -7.30822313156422e-08 -0.0746124336810074
0.138 -2.66970647717013e-08 -6.35947852661237e-08 -0.0733456665266028
0.139 -1.72073733559002e-08 -5.4420444065483e-08 -0.0736598861131871
0.14 -7.70998410302945e-09 -4.16190702983651e-08 -0.0749124961078007
0.141 -7.27096899712903e-09 -4.67898281911513e-08 -0.0743643302046021
0.142 -1.11207901242507e-08 -6.05164351632878e-08 -0.0738041852908322
0.143 2.87354063471014e-09 -4.01068780578255e-08 -0.0736044547402751
0.144 1.13529079611291e-08 -2.73086457137221e-08 -0.074196196886318
0.145 3.5258012631163e-09 -5.07535960246284e-08 -0.074862396902213
0.146 1.08932370780299e-08 -4.33412479222768e-08 -0.0748887708841732
0.147 1.96757298664073e-08 -3.02559092909811e-08 -0.0736096290690346
0.148 2.82979499361397e-08 -1.7060340062651e-08 -0.0739276663362016
0.149 3.55873134250636e-08 1.00992493247676e-09 -0.0751977215224154
0.15 3.60612132039738e-08 -8.5805954376932e-09 -0.0746380609310748
0.151 3.41747576977518e-08 -2.98528938576672e-08 -0.0740065053324761
0.152 4.29284671325149e-08 -4.80461635904015e-09 -0.0738544279193708
0.153 4.75167717189242e-08 9.34292208185755e-09 -0.0744665232866246
0.154 4.71140055252432e-08 -1.41255675472573e-08 -0.0750407279573351
0.155 5.16782278512221e-08 -1.86110905013165e-08 -0.0750513838243388
0.156 5.50553334495493e-08 7.5186565595792e-10 -0.0738160386454879
0.157 5.77083027007894e-08 1.43845152449372e-08 -0.0741562834831972
0.158 5.73569590179707e-08 2.69419880237308e-08 -0.0755473403343524
0.159 5.95411106215897e-08 2.24165809299807e-08 -0.0748966104403998
0.16 6.772592077035e-08 -1.15450860174636e-09 -0.0741581245955889
0.161 6.4876914722871e-08 2.09117979638777e-08 -0.0740820658838982
0.162 6.22160316367719e-08 3.41970315108174e-08 -0.0747281728457185
0.163 7.28211892117095e-08 1.50457257895265e-08 -0.0751460506348773
0.164 7.96160552380226e-08 1.04769432569934e-08 -0.0752129204075835
0.165 6.90833426453388e-08 2.81075690143712e-08 -0.0740028424560114
0.166 6.41582586859432e-08 3.89874856531058e-08 -0.0743800783394062
0.167 5.28501492881476e-08 5.29097129271031e-08 -0.0757697592509745
0.168 5.68877739087807e-08 4.67454302858862e-08 -0.0751398119933745
0.169 7.88094950568823e-08 2.83959130366595e-08 -0.0742553214027061
0.17 6.14472996570388e-08 4.32099750004196e-08 -0.0742860333052185
0.171 4.88341842168011e-08 5.21581708990571e-08 -0.0749959540238037
0.172 6.86373696177927e-08 4.04612470927655e-08 -0.0751925040597238
0.173 9.53153029086495e-08 2.95932098579102e-08 -0.0751043842630373
0.174 5.41682669038116e-08 4.63885981373658e-08 -0.0741718466471108
0.175 4.38339095833362e-08 5.21641702588673e-08 -0.0746032052198359
0.176 4.08617789960155e-08 5.40377846989927e-08 -0.0760581116061371
0.177 1.85089991784209e-08 5.70562060142835e-08 -0.0753753450682813
0.178 6.40074325552047e-08 4.58185578611069e-08 -0.0743372476725688
0.179 3.84030111058059e-08 5.17148621186555e-08 -0.0744819262934538
0.18 1.60328052714683e-08 5.50043651921778e-08 -0.0752912559456194
0.181 4.47182984617874e-08 5.13812110348462e-08 -0.0751976711611198
0.182 8.40544522361923e-08 5.00871494639948e-08 -0.0749765490682362
0.183 3.0968654959968e-08 5.10941450211696e-08 -0.0743495729713595
0.184 1.41562149268077e-08 5.19210947156887e-08 -0.0748325411082487
0.185 5.57729317777549e-08 5.50352916089008e-08 -0.0759857382730659
0.186 9.41546229267776e-09 5.11763180333131e-08 -0.075712498164077
0.187 3.18949601108524e-08 5.1328312297652e-08 -0.0744018813893447
0.188 1.08963217080778e-08 5.03007678362974e-08 -0.0746376458735122
0.189 -3.4190886339486e-08 4.24604075552791e-08 -0.0756053165594044
0.19 1.37265252560058e-09 4.79262376454945e-08 -0.075288359705785
0.191 4.18777492494861e-08 5.63096328431404e-08 -0.0748542388891632
0.192 -7.55649678209947e-09 4.43361895659683e-08 -0.0745036083458789
0.193 -2.71132441494296e-08 3.92971899750885e-08 -0.0750629946639944
0.194 1.64642732576104e-08 5.25131064381081e-08 -0.075838182719085
0.195 1.21919228885871e-08 5.20568924999217e-08 -0.0757782374223941
0.196 -1.58625207597434e-08 3.93896254038194e-08 -0.0744591854710281
0.197 -3.60842085884462e-08 3.27973380957815e-08 -0.0747637846915024
0.198 -6.68841545651434e-08 1.9843388503262e-08 -0.0760502707759851
0.199 -4.84283322824415e-08 2.61387038399174e-08 -0.0754723865505058
0.2 -1.13850316223515e-08 4.19805479285732e-08 -0.0747510546965425
0.201 -4.85812216580351e-08 2.29387584261765e-08 -0.0746444028745131
0.202 -6.61594335857911e-08 1.28580447822147e-08 -0.075288903716274
0.203 -3.45737400301352e-08 3.00856583743568e-08 -0.0756920948694713
0.204 -2.62620451804121e-08 3.58691339390842e-08 -0.0757519876240606
0.205 -5.55164085539562e-08 1.423086181055e-08 -0.0745317905563404
0.206 -6.89971081772586e-08 4.47733282592281e-09 -0.0749195516602901
0.207 -9.35464129934563e-08 -1.35199167634109e-08 -0.0763375435893679
0.208 -8.29547244412667e-08 -8.8467762368336e-09 -0.0756916027033088
0.209 -5.34369113588336e-08 1.25371342853494e-08 -0.0747205296110732
0.21 -7.46219455336349e-08 -6.91864885888565e-09 -0.0748077944645688
0.211 -8.7297344986036e-08 -2.07167944815882e-08 -0.0755745223571376
0.212 -7.06422530501587e-08 -5.5882641844691e-09 -0.0755801006583231
0.213 -5.32708665464006e-08 1.26789696220599e-08 -0.0754648571079153
0.214 -7.48099058934242e-08 -1.49772083561946e-08 -0.0746671547055998
0.215 -8.23438025020557e-08 -2.72987276485475e-08 -0.075136083889466
0.216 -6.34577943621786e-08 4.14894362220407e-10 -0.0763231410110588
0.217 -1.12623114969648e-07 -8.35088344417826e-08 -0.0759091400931692
0.218 -7.03634702323035e-08 -1.63954506853519e-08 -0.0747147552666557
0.219 -7.48172205092961e-08 -2.77419342977243e-08 -0.0749416716936661
0.22 -8.08384593891842e-08 -4.74924682456213e-08 -0.0759090651834751
0.221 -7.34868980001196e-08 -3.15742664970252e-08 -0.0755884654964661
0.222 -6.89717420543708e-08 -1.56616950154872e-08 -0.0751335368883611
0.223 -7.06867193833025e-08 -3.6821118332586e-08 -0.0747917005532373
0.224 -6.8748876160448e-08 -4.4123915458015e-08 -0.0753602906668752
0.225 -6.94720812516904e-08 -2.87370423724639e-08 -0.0760931405275235
0.226 -6.88132338950442e-08 -3.01787325390848e-08 -0.076043172216983
0.227 -6.39914293244245e-08 -3.86587835125481e-08 -0.0747159769921407
0.228 -5.91005290895784e-08 -4.57286766000112e-08 -0.0750347552216708
0.229 -5.37120069712307e-08 -5.01532395555038e-08 -0.0764318805393204
0.23 -5.21584334827833e-08 -4.72485490487169e-08 -0.0757682688491326
0.231 -6.0032066978302e-08 -3.92184701032326e-08 -0.0749664174141599
0.232 -4.7181588007182e-08 -4.7637640710262e-08 -0.0749151561705693
0.233 -3.78434790363057e-08 -5.02319032166065e-08 -0.0755942321960121
0.234 -4.77053577277969e-08 -4.41811464334322e-08 -0.0758702403165816
0.235 -5.32813502973915e-08 -4.18755492019554e-08 -0.0759537025140005
0.236 -3.45101502313147e-08 -4.59095263996918e-08 -0.0747815118340925
0.237 -2.53913874012195e-08 -4.60896927710467e-08 -0.0752091061696182
0.238 -2.26309898575298e-08 -4.42829152703696e-08 -0.0766738289748538
0.239 -7.24154938182064e-09 -4.17610756434502e-08 -0.0759634977361127
0.24 -2.9940731443218e-08 -4.22724002660155e-08 -0.0749031898261936
0.241 -1.31584256238402e-08 -4.03025850786451e-08 -0.0750689592609911
0.242 2.76651621369552e-09 -3.62761965450929e-08 -0.0759204176562306
0.243 -1.13160381962802e-08 -3.67415529260441e-08 -0.0757293093927376
0.244 -3.24423550109565e-08 -4.09241119841314e-08 -0.0754373764495193
0.245 -5.33614705273457e-09 -3.37625963396101e-08 -0.0749098834865895
0.246 8.03063962427387e-09 -2.85498440888981e-08 -0.0754296934588903
0.247 -2.19681238534005e-08 -3.77018475504482e-08 -0.0763260654374844
0.248 2.42814068032424e-08 -1.81469441975989e-08 -0.076241426373555
0.249 3.05867933492145e-09 -2.63156428602317e-08 -0.0748723208153289
0.25 1.48687195578205e-08 -2.04038274722827e-08 -0.075150875997826
0.251 3.13027156383035e-08 -1.06556557532686e-08 -0.0764141993122274
0.252 2.37072573382266e-08 -1.22400364182691e-08 -0.0758407002279036
0.253 6.5409323057571e-09 -2.01190898829566e-08 -0.0751515260774948
0.254 2.78372993386356e-08 -7.29379907737847e-09 -0.0750106697149929
0.255 3.82515927424885e-08 3.37214528752162e-10 -0.0756507293952138
0.256 2.23679396549572e-08 -7.51785171660112e-09 -0.0760676986994383
0.257 1.95957762232921e-08 -7.87677081205462e-09 -0.0761143887990443
0.258 3.5700979314093e-08 4.79905940168799e-09 -0.0748827930639143
0.259 4.38607370048913e-08 1.2104760477809e-08 -0.0752733472858172
0.26 5.80701469450217e-08 2.52702817453623e-08 -0.0766939796839731
0.261 5.08153421695207e-08 2.23216657708246e-08 -0.0760494063933841
0.262 3.71280480739645e-08 1.27400870412842e-08 -0.0750374577299244
0.263 4.7548581905011e-08 2.30888270020395e-08 -0.0751531532699747
0.264 5.36426618990834e-08 3.04832331896764e-08 -0.0759544998758367
0.265 4.54991924817729e-08 2.51573515260742e-08 -0.0758627595548789
0.266 3.80603773376506e-08 1.90745776945311e-08 -0.0756111364648067
0.267 4.85692099379577e-08 3.28902571057348e-08 -0.0749921746922365
0.268 5.08063068320265e-08 3.73246119273408e-08 -0.0754910557262656
0.269 4.71133753380754e-08 3.36477562538445e-08 -0.07659881611492
0.27 4.99208275149189e-08 4.14672829918467e-08 -0.0763369995693714
0.271 4.74235669852629e-08 4.06555331435311e-08 -0.0749824758021507
0.272 4.81552248775479e-08 4.49247312701095e-08 -0.0752528636563535
0.273 4.70210659120745e-08 4.69851342617628e-08 -0.0764794834936077
0.274 4.59184280887455e-08 4.78565652279059e-08 -0.0759160262906906
0.275 4.76592893524739e-08 5.00913648186167e-08 -0.0752821037107284
0.276 4.3821973014213e-08 5.17685196708867e-08 -0.075092228826985
0.277 4.01345209745719e-08 5.10219242513982e-08 -0.0757165803217545
0.278 4.45864522681082e-08 5.50498771564761e-08 -0.0762040253352333
0.279 4.63858843557391e-08 5.90361746026553e-08 -0.0762187765958163
0.28 3.76665251613015e-08 5.60593351918277e-08 -0.0749713098655153
0.281 3.23739472225865e-08 5.34629597807266e-08 -0.075350302877902
0.282 2.37129407481488e-08 4.55149793277026e-08 -0.076776725900243
0.283 2.37323128999925e-08 4.75390338932115e-08 -0.0761245178152304
0.284 3.40746769064272e-08 6.11057633538888e-08 -0.0751359167735178
0.285 2.32408480024056e-08 5.18621563818377e-08 -0.0752285606038954
0.286 1.39151570874028e-08 4.21326805958036e-08 -0.0760153558722653
0.287 2.20240471350146e-08 5.27708444687296e-08 -0.0759630893935036
0.288 3.52769543469135e-08 7.10572282570329e-08 -0.075718866375366
0.289 1.39061628440306e-08 4.74343915511566e-08 -0.0750726249088856
0.29 6.18576266477853e-09 3.82453710321042e-08 -0.0755654619265023
0.291 1.78135726740179e-08 5.40521265048164e-08 -0.0766900065782975
0.292 5.52685938899746e-10 3.11445517984661e-08 -0.076420998633151
0.293 8.58051463287126e-09 4.5899603631162e-08 -0.0750651417190116
0.294 -2.37229635895018e-09 3.03726475363208e-08 -0.0753292898527869
0.295 -1.24553453743727e-08 1.44473386931339e-08 -0.0765532816096093
0.296 -7.29563642614122e-09 2.33742170759725e-08 -0.075991805542195
0.297 5.31618169855212e-09 4.6285380428922e-08 -0.0753636544744905
0.298 -1.18615919388642e-08 1.84631853418901e-08 -0.0751690537631828
0.299 -2.05343487004977e-08 3.16755056950222e-09 -0.0757936546225284
0.3 -7.95360297723874e-09 2.71580600048556e-08 -0.0762796058786602
