#
0.005 0.00502826230087581  0.00497173770021972  0.0349702940302616
0.01 0.0051359112189291  0.0048640887884508  0.0349160924981687
0.015 0.00529663544530244  0.00470336457491339  0.0348021428773444
0.02 0.00547448124034798  0.00452551876097272  0.0346192679028321
0.025 0.00566531602659435  0.0043346839515093  0.0344066359258485
0.03 0.00585926520752979  0.00414073452060102  0.034157788642792
0.035 0.00601410809352894  0.00398589135683135  0.0339095448123266
0.04 0.00615356035189644  0.00384643833276678  0.0336788427081613
0.045 0.0062924096768691  0.00370758778428639  0.0333971513815908
0.05 0.00641067529638638  0.00358932109229118  0.033110894473081
0.055 0.00652064353911681  0.00347935129094103  0.0328001485934074
0.06 0.00663525948155247  0.00336473299030223  0.0323729786229156
0.065 0.00671045444931024  0.0032895375370771  0.0319183902202602
0.07 0.00674479423318304  0.003255199498422  0.0314652451693612
0.075 0.00666557293977509  0.00333442521500691  0.0310247322773652
0.08 0.00653492357940365  0.00346507993186544  0.0305627882472855
0.085 0.00640755695368615  0.00359245102073632  0.0301034625175201
0.09 0.00627944678865794  0.00372056429950511  0.0295510180366109
0.095 0.00617477310372219  0.00382537263502869  0.029004264396917
0.1 0.0061115819764109  0.00388448419234205  0.0284553475278081
0.105 0.00602475259256454  0.00396142451913266  0.0278677338003468
0.11 0.00597119929502807  0.00400612271377436  0.0272721934337469
0.115 0.0060020361424771  0.00397557967206067  0.0267653821844629
0.12 0.0060615052012689  0.00391818202638571  0.026156649750095
0.125 0.00612142611419757  0.00386714689465475  0.0256342644699213
0.13 0.00616096585420572  0.00384444238172079  0.0250198035270888
0.135 0.00625099347594798  0.00376814807096101  0.0244186879279215
0.14 0.0064144296823908  0.00359808499136175  0.0238850872572814
0.145 0.00657302600389282  0.00342796470181988  0.023517657929158
0.15 0.00672406673664699  0.00324685027021129  0.0231215692358233
0.155 0.00687532155159287  0.00300931915207454  0.0226523494550764
0.16 0.00701053430960723  0.00277159686241734  0.0220986024995811
0.165 0.00710720286195878  0.00260463579692429  0.0216078856825289
0.17 0.00718764402287878  0.0024611200013745  0.0211417822145033
0.175 0.00725818670494257  0.00233580983530882  0.0206775870843177
0.18 0.00731991363465903  0.00222659050551678  0.0201716137777534
0.185 0.00738060704318051  0.00218035236758602  0.0196453189811532
0.19 0.00744048233517324  0.00222251778081183  0.0191246889450406
0.195 0.00749029785942592  0.00235655370865006  0.0186272965392823
0.2 0.0075302538137396  0.00248636525800911  0.0181997223256944
0.205 0.00757286220119099  0.00260716908991287  0.0176922324506981
0.21 0.00760990302672785  0.00272383917557811  0.0171611614825147
0.215 0.00763338232791643  0.00282652253375956  0.0166154274527314
0.22 0.00764836932822562  0.00292529860499005  0.0160779366139092
0.225 0.00765554985184851  0.00301830656356003  0.0155417704824404
0.23 0.00766259353128076  0.00309488215116878  0.0150226087108244
0.235 0.00766982444778734  0.00316098392770105  0.0144612648426054
0.24 0.00766519693762545  0.00322498006500884  0.0138735812029216
0.245 0.00766464488281088  0.00327449372367653  0.0132815631387407
0.25 0.00766039272912801  0.0033131878788028  0.0127264529373727
0.255 0.0076595259501271  0.00333908817932293  0.0121201747390337
0.26 0.00765606351157103  0.00334726591902424  0.0115332920304801
0.265 0.00765049464746607  0.0033453975653642  0.0108772648541225
0.27 0.00764705035931585  0.00332396036102937  0.0102894095145544
0.275 0.00764786141581503  0.00328863075042264  0.00969186014938397
0.28 0.0076573200800285  0.00324107369931733  0.00907271867739266
0.285 0.00765852347443575  0.00320380637663146  0.00844358808600937
0.29 0.00766831984166121  0.00315643661600086  0.00781776068882138
0.295 0.00767209498419155  0.00311694051167461  0.00721065895414116
0.3 0.00769016159684614  0.00307527830340749  0.00660444860907601
