#
0.005 0.0144092247085918 -0.0144092241826432 -0.00734651111291165
0.01 0.02758473201258 -0.0275847274128801 -0.0154191466038582
0.015 0.0340990012149925 -0.0340990080800063 -0.0270823286018647
0.02 0.0364767585770959 -0.0364767539067484 -0.0425870136947219
0.025 0.04010270155577 -0.0401027403652505 -0.0449150133107651
0.03 0.0336288756459086 -0.0336289197940695 -0.0515975299440681
0.035 0.028743629627543 -0.028743708736244 -0.0459299509123076
0.04 0.0272824211097419 -0.0272826473309494 -0.0494116380632945
0.045 0.0257360751093251 -0.0257363040648107 -0.0586855383429572
0.05 0.0225458213575231 -0.0225460597585738 -0.0580547645491319
0.055 0.0222175316094701 -0.0222179402298856 -0.070930428046833
0.06 0.0195513468185597 -0.0195517316945312 -0.0947957178922123
0.065 0.0106492400509546 -0.0106490496018326 -0.0884309462255927
0.07 -0.000578169763783407 0.000578792761221048 -0.092157671872283
0.075 -0.026131679489324 0.0261326168896537 -0.0941109740334101
0.08 -0.0255151154409514 0.0255162444312362 -0.0919284405560405
0.085 -0.0259112532638214 0.0259118939156529 -0.0996319923871183
0.09 -0.0245686564740663 0.0245700047855745 -0.11216506777954
0.095 -0.0187149647265761 0.018769976122171 -0.1168506066887
0.1 -0.0148205722485791 0.012773445360746 -0.104476041736507
0.105 -0.0180412462431287 0.0159561339904745 -0.135478384955511
0.11 -0.00157847190604481 0.000857743926395771 -0.101238245100218
0.115 0.0118327646694794 -0.0107363687517588 -0.112175531661752
0.12 0.0123090568753396 -0.0116230387595259 -0.111412792564377
0.125 0.00811943918904056 -0.00528341257244677 -0.107479673110611
0.13 0.00962366751033666 -0.00607071113355956 -0.133063687666163
0.135 0.0303602473360165 -0.0287213875594369 -0.11213701447
0.14 0.033280307803877 -0.0348990009271246 -0.088561905874547
0.145 0.0305442897692766 -0.0346300807031807 -0.067904191779523
0.15 0.0290535987485152 -0.0392129293883561 -0.0855393400042284
0.155 0.0312230426119499 -0.0527545630838947 -0.106896507172892
0.16 0.0222792169958301 -0.0396174354642712 -0.105297376781875
0.165 0.0174602574689998 -0.0292684894331184 -0.0944498470958054
0.17 0.0158782750877289 -0.027303015055395 -0.0928327452826068
0.175 0.0130778186967445 -0.0230714035180637 -0.0951562239160831
0.18 0.0101527591198948 -0.0180290789093614 -0.10691748977768
0.185 0.0123502733934813 -0.000925665278389566 -0.104789236609968
0.19 0.0109487549626787 0.0203392927427305 -0.10425223704278
0.195 0.00918350261342027 0.0280439933680179 -0.0908607933835902
0.2 0.00745724978595347 0.0245190106464976 -0.0855074340911508
0.205 0.00909731680177007 0.0231049638943469 -0.112051682171247
0.21 0.00567737741044225 0.0212209447414843 -0.103862829788
0.215 0.00242301714884365 0.0194004387025718 -0.108908943964009
0.22 0.0021063863791093 0.0204785329239682 -0.107281449453507
0.225 0.00111949569688262 0.0166313457426993 -0.103358107477763
0.23 0.00374320068755218 0.0134440232376831 -0.106450635699094
0.235 -0.0001886075290507 0.0140472133257711 -0.117435889282599
0.24 -0.00134211318209866 0.0118612424699455 -0.11597634663317
0.245 -0.000899976819593799 0.00844842500507069 -0.112833340780562
0.25 -0.00122916304558856 0.00763798824033922 -0.118693090804289
0.255 0.000565786466023585 0.00202651944687604 -0.120135704718224
0.26 -0.00110308540799901 0.000179160188236813 -0.120214914204361
0.265 -0.000229920085296984 -0.00240430868613665 -0.130167127938861
0.27 -0.000482613642607154 -0.00666079095549963 -0.113270947471945
0.275 0.00288507596941504 -0.00860313730767816 -0.123292216946274
0.28 0.000779225300511218 -0.00741651400352412 -0.124675384960202
0.285 0.00145798771468593 -0.00752015145573099 -0.124560219930483
0.29 0.00106616157153574 -0.00865301487337673 -0.123132536213596
0.295 0.00109426433432081 -0.007306427390427 -0.117338691292191
0.3 0.00228011366633187 -0.00951356005139465 -0.127235652432307
