#
0.005 0.00500000000267491  0.00500000000267491  0.0349576895281929
0.01 0.00500000000677086  0.00500000000677087  0.0348746052184007
0.015 0.00500000002203184  0.00500000002203184  0.0347565903519399
0.02 0.00500000000969559  0.0050000000096956  0.0346069002845566
0.025 0.0049999999675688  0.0049999999675688  0.0344312760701879
0.03 0.00499999990801944  0.00499999990801944  0.0342352940288049
0.035 0.0049999998405978  0.00499999984059781  0.034023496725888
0.04 0.00499999977544384  0.00499999977544385  0.0338003679510604
0.045 0.00499999970963627  0.00499999970963628  0.033569161301752
0.05 0.00499999963339144  0.00499999963339145  0.0333319062312227
0.055 0.00499999955393481  0.00499999955393482  0.0330910332455805
0.06 0.00499999945302252  0.00499999945302253  0.0328475250572116
0.065 0.00499999933177911  0.00499999933177912  0.0326020794158876
0.07 0.00499999919882  0.00499999919882001  0.0323552774897995
0.075 0.00499999905220255  0.00499999905220256  0.0321074812162341
0.08 0.00499999888655545  0.00499999888655546  0.0318590015828755
0.085 0.00499999870034067  0.00499999870034067  0.0316100911473446
0.09 0.00499999851366301  0.00499999851366302  0.0313607916345005
0.095 0.00499999832439854  0.00499999832439855  0.0311110201807032
0.1 0.0050000058111245  0.00500000581112451  0.0308608207426896
0.105 0.00500000466626891  0.00500000466626891  0.0306103033663413
0.11 0.00500000386183517  0.00500000386183518  0.0303593997812817
0.115 0.00500000343928283  0.00500000343928284  0.0301083558420436
0.12 0.00500000318443438  0.00500000318443438  0.0298573682504389
0.125 0.00500000304101389  0.0050000030410139  0.0296064806206179
0.13 0.00500000294000306  0.00500000294000307  0.0293553930459173
0.135 0.0050000028727324  0.0050000028727324  0.0291038477314877
0.14 0.00500000285779286  0.00500000285779286  0.0288519455074187
0.145 0.00500000293626226  0.00500000293626226  0.0286002111112366
0.15 0.00500000299097805  0.00500000299097805  0.0283486055910244
0.155 0.00500000300574673  0.00500000300574673  0.0280970286936284
0.16 0.00500000300188739  0.00500000300188738  0.027845279728164
0.165 0.00500000294430877  0.00500000294430877  0.0275932707963123
0.17 0.00500000297775183  0.00500000297775182  0.0273411365711071
0.175 0.00500000299027832  0.00500000299027831  0.0270889345887454
0.18 0.00500000296655902  0.00500000296655901  0.026836922187581
0.185 0.00500000288712011  0.0050000028871201  0.0265847667865854
0.19 0.00500000283428227  0.00500000283428226  0.0263323055212525
0.195 0.00500000285741633  0.00500000285741633  0.0260799687024166
0.2 0.0050000028389819  0.0050000028389819  0.0258279156134901
0.205 0.00500000276902142  0.00500000276902142  0.0255756518265005
0.21 0.005000002687522  0.005000002687522  0.025322958030631
0.215 0.00500000267539408  0.00500000267539407  0.0250700502093339
0.22 0.00500000263379294  0.00500000263379294  0.0248176610040092
0.225 0.00500000252467316  0.00500000252467315  0.0245653347280162
0.23 0.00500000239314479  0.00500000239314479  0.0243127742817697
0.235 0.00500000227736256  0.00500000227736255  0.0240600675536906
0.24 0.00500000218065648  0.00500000218065647  0.0238074725847669
0.245 0.00500000202208522  0.00500000202208521  0.0235549338733858
0.25 0.00500000181216964  0.00500000181216963  0.0233021932643318
0.255 0.00500000157304138  0.00500000157304137  0.0230492660524268
0.26 0.0050000013511508  0.00500000135115079  0.0227964421274575
0.265 0.00500000108897908  0.00500000108897906  0.0225439430389989
0.27 0.00500000078492685  0.00500000078492683  0.0222914144405745
0.275 0.00500000044873739  0.00500000044873737  0.0220386794555856
0.28 0.00500000009671286  0.00500000009671284  0.0217857473835439
0.285 0.00499999971570027  0.00499999971570024  0.0215328502167375
0.29 0.00499999931442443  0.0049999993144244  0.0212801795233653
0.295 0.00499999890917121  0.00499999890917118  0.0210273149369789
0.3 0.00499999847096791  0.00499999847096787  0.0207743563805629
