#
0.005 7.80260919452893e-10 7.80261171753856e-10 -0.0127013602388505
0.01 2.07094655352205e-09 2.07094670284263e-09 -0.0201855880653833
0.015 1.68514782459423e-09 1.68514795294101e-09 -0.0268359993580567
0.02 -6.14630805679756e-09 -6.14630784696064e-09 -0.0325884153537763
0.025 -1.06088649001217e-08 -1.06088648101205e-08 -0.0374777343806249
0.03 -1.36090462637093e-08 -1.36090461100446e-08 -0.0411802806879162
0.035 -1.27752916094266e-08 -1.27752911287461e-08 -0.0437832616962663
0.04 -1.14915945020605e-08 -1.14915943642633e-08 -0.0456866074299869
0.045 -1.94522433806293e-08 -1.94522429204816e-08 -0.0471707246147928
0.05 -1.53874191318638e-08 -1.53874189094738e-08 -0.0481300335525735
0.055 -1.93395297901223e-08 -1.93395297961058e-08 -0.0486414014943287
0.06 -2.23546608934558e-08 -2.23546609283609e-08 -0.0489764522966248
0.065 -2.12510240110128e-08 -2.12510239400117e-08 -0.0491660104156563
0.07 -2.25391700009817e-08 -2.25391700242822e-08 -0.0494027374479328
0.075 -3.14239477202458e-08 -3.14239477793474e-08 -0.0495355851986536
0.08 -4.29333906968425e-08 -4.29333910068015e-08 -0.0495595960945195
0.085 -3.92461607348168e-08 -3.92461610166428e-08 -0.0496829096106552
0.09 -3.34562830502842e-08 -3.34562836461225e-08 -0.0499472416982793
0.095 -4.18575540067862e-08 -4.18575545658284e-08 -0.0502557503101794
0.1 -2.29501131409633e-07 -2.29501131574389e-07 -0.0501881374087153
0.105 -2.00961331421185e-07 -2.00961331625231e-07 -0.0500973343879151
0.11 -1.32645299108732e-07 -1.32645299247076e-07 -0.0501360605139608
0.115 -6.27968001267983e-08 -6.27968002002833e-08 -0.0501015137568854
0.12 -1.52187695671727e-08 -1.52187694601843e-08 -0.0500084888255885
0.125 -1.62422286317672e-08 -1.62422285267042e-08 -0.0500688006117459
0.13 -2.55150778332855e-08 -2.55150777004352e-08 -0.0503435572571584
0.135 -1.04460406066447e-08 -1.04460407414444e-08 -0.0506122432258858
0.14 2.86180751649689e-09 2.8618073309371e-09 -0.0504953129894264
0.145 -5.30761633597356e-09 -5.30761669852798e-09 -0.0502605935798249
0.15 -1.64699888429513e-08 -1.64699891653298e-08 -0.0502753687984512
0.155 6.79091038923921e-09 6.7909099201593e-09 -0.0502022772317366
0.16 1.27277324976904e-08 1.27277321445245e-08 -0.0501903599833358
0.165 5.07223916610328e-09 5.07223894899225e-09 -0.05031880453735
0.17 1.55689614487925e-08 1.55689612074939e-08 -0.050716506560658
0.175 1.44201798238544e-08 1.44201797685969e-08 -0.0505844568863233
0.18 -4.62662262500367e-09 -4.62662247479075e-09 -0.0504085331362727
0.185 -3.39823679541135e-08 -3.39823675045939e-08 -0.0503998622652878
0.19 -4.26783864010267e-10 -4.26783607427467e-10 -0.0504807264293925
0.195 2.05242827317952e-08 2.05242829623002e-08 -0.0502523129013838
0.2 -3.54852562472657e-09 -3.54852580767134e-09 -0.050296361617724
0.205 -2.33686592293435e-08 -2.33686590955207e-08 -0.0505883892862686
0.21 -1.75599505606478e-08 -1.7559950301291e-08 -0.0508810411442857
0.215 -2.91510496908259e-09 -2.91510483218749e-09 -0.0506280829616889
0.22 -3.33180592254154e-08 -3.33180593409933e-08 -0.0503920167148307
0.225 -4.20603271728393e-08 -4.20603273903362e-08 -0.0505114887616421
0.23 -9.17039284818427e-09 -9.17039310720731e-09 -0.0503995843724937
0.235 -1.27680941839832e-08 -1.27680946664952e-08 -0.0503519501516608
0.24 -3.43787073817207e-08 -3.43787079106397e-08 -0.050500786940873
0.245 -3.42581088674067e-08 -3.42581092322361e-08 -0.0507805481565542
0.25 -4.45846790067283e-08 -4.45846795868362e-08 -0.0506664223914618
0.255 -4.76542697505996e-08 -4.76542700632975e-08 -0.0504980427556225
0.26 -5.75595996975879e-08 -5.75595999146238e-08 -0.0504701721537202
0.265 -5.4229302399364e-08 -5.42293027567023e-08 -0.0503880800922194
0.27 -5.91696950626234e-08 -5.91696954082211e-08 -0.0503427441329348
0.275 -6.69639415190753e-08 -6.69639419974126e-08 -0.0504551446883719
0.28 -7.29376821256237e-08 -7.29376826870864e-08 -0.0508588765272094
0.285 -7.99142363536543e-08 -7.99142371313808e-08 -0.050715681667119
0.29 -8.19000168646686e-08 -8.19000176473593e-08 -0.0505314063549749
0.295 -6.9001993911326e-08 -6.90019940431585e-08 -0.0505289756084368
0.3 -9.43113991742077e-08 -9.43113999217677e-08 -0.0504633182711518
