#
0.0005 0.00499999999999816  0.00500000000000146  0.0349996408846278
0.001 0.00499999999999504  0.00500000000000308  0.0349989579431958
0.0015 0.00499999999999108  0.00500000000000496  0.0349979488547805
0.002 0.00499999999998736  0.00500000000000687  0.0349966145994212
0.0025 0.00499999999998513  0.00500000000000835  0.0349949564091001
0.003 0.00499999999998303  0.00500000000000963  0.0349929753800138
0.0035 0.00499999999998043  0.00500000000001074  0.0349906724297317
0.004 0.00499999999997709  0.00500000000001265  0.034988048285296
0.0045 0.00499999999997398  0.00500000000001511  0.0349851034643881
0.005 0.00499999999997133  0.00500000000001805  0.0349818382401105
0.0055 0.00499999999996905  0.00500000000002099  0.0349782525838596
0.006 0.00499999999996563  0.00500000000002393  0.0349743460786917
0.0065 0.00499999999996295  0.00500000000002711  0.0349701177855509
0.007 0.00499999999995982  0.00500000000003035  0.0349655660138975
0.0075 0.00499999999995684  0.00500000000003405  0.0349606878578829
0.008 0.00499999999995318  0.00500000000003732  0.0349554723715514
0.0085 0.00499999999994948  0.0050000000000407  0.0349499140164049
0.009 0.00499999999994518  0.00500000000004427  0.0349440243381003
0.0095 0.00499999999994058  0.00500000000004833  0.0349378093548509
0.01 0.00499999999993557  0.00500000000005245  0.0349312744675911
0.0105 0.00499999999993031  0.00500000000005693  0.0349244315262296
0.011 0.00499999999992445  0.00500000000006188  0.0349172869582584
0.0115 0.00499999999991784  0.00500000000006677  0.0349098454976507
0.012 0.00499999999991073  0.00500000000007253  0.0349021113840252
0.0125 0.00499999999990313  0.00500000000007917  0.0348940886954361
0.013 0.00499999999989493  0.00500000000008607  0.0348857800477379
0.0135 0.00499999999988697  0.0050000000000937  0.0348771873430513
0.014 0.00499999999987747  0.00500000000010163  0.0348683119227051
0.0145 0.00499999999986821  0.0050000000001099  0.0348591548921638
0.015 0.00499999999985824  0.00500000000011862  0.034849716305646
0.0155 0.00499999999984764  0.00500000000012769  0.0348399941201218
0.016 0.00499999999983631  0.00500000000013738  0.034829989525521
0.0165 0.0049999999998249  0.00500000000014706  0.0348197036832897
0.017 0.00499999999981332  0.00500000000015648  0.034809137559745
0.0175 0.00499999999980128  0.00500000000016605  0.0347982947518585
0.018 0.00499999999978806  0.00500000000017615  0.0347871775552396
0.0185 0.00499999999977526  0.0050000000001862  0.0347757883821142
0.019 0.00499999999976214  0.00500000000019632  0.034764126785503
0.0195 0.00499999999974855  0.00500000000020679  0.0347521912292414
0.02 0.00499999999973455  0.00500000000021739  0.034739979821839
0.0205 0.00499999999971963  0.00500000000022754  0.0347274874080882
0.021 0.0049999999997044  0.00500000000023782  0.0347146967131225
0.0215 0.00499999999968803  0.00500000000024874  0.0347015962406792
0.022 0.00499999999967127  0.00500000000026025  0.0346882016210726
0.0225 0.00499999999965234  0.00500000000027286  0.0346745258400858
0.023 0.00499999999963332  0.00500000000028549  0.0346605750123706
0.0235 0.00499999999961259  0.00500000000029924  0.0346463558944217
0.024 0.00499999999959004  0.00500000000031452  0.0346318674041675
0.0245 0.00499999999956631  0.00500000000033138  0.0346170946896042
0.025 0.00499999999954029  0.00500000000034987  0.0346020319392643
0.0255 0.00499999999951312  0.00500000000037045  0.0345866989704977
0.026 0.00499999999948251  0.00500000000039252  0.0345711113265453
0.0265 0.00499999999944919  0.00500000000041659  0.0345552772244525
0.027 0.00499999999941297  0.00500000000044311  0.0345391994424967
0.0275 0.00499999999937517  0.00500000000047146  0.0345228772141043
0.028 0.00499999999933604  0.00500000000050071  0.0345063091391583
0.0285 0.00499999999929598  0.00500000000053171  0.0344894936583819
0.029 0.0049999999992537  0.00500000000056406  0.034472432058854
0.0295 0.00499999999921032  0.00500000000059702  0.0344551283754046
0.03 0.00499999999916582  0.00500000000063059  0.0344375862218927
0.0305 0.00499999999912018  0.00500000000066488  0.0344198042349722
0.031 0.00499999999907325  0.0050000000007  0.0344017794526989
0.0315 0.00499999999902478  0.00500000000073568  0.0343835005122247
0.032 0.00499999999897601  0.00500000000077275  0.0343649419295401
0.0325 0.00499999999892662  0.00500000000081188  0.0343461218343729
0.033 0.00499999999887291  0.00500000000085245  0.034327053905259
0.0335 0.00499999999881692  0.00500000000089424  0.0343077490771217
0.034 0.00499999999875784  0.00500000000093875  0.0342882039522313
0.0345 0.00499999999869646  0.00500000000098679  0.0342683942705457
0.035 0.00499999999863063  0.00500000000103855  0.0342483466507267
0.0355 0.00499999999856084  0.00500000000109365  0.03422807783502
0.036 0.0049999999984877  0.00500000000115225  0.0342075954438525
0.0365 0.004999999998411  0.00500000000121408  0.0341868970952272
0.037 0.00499999999833083  0.00500000000127869  0.0341659797290394
0.0375 0.00499999999824867  0.0050000000013454  0.0341448416419271
0.038 0.00499999999816415  0.00500000000141366  0.0341234861287937
0.0385 0.00499999999807737  0.00500000000148346  0.034101918438644
0.039 0.00499999999798808  0.00500000000155437  0.0340801369522448
0.0395 0.0049999999978967  0.00500000000162708  0.0340581378809566
0.04 0.00499999999780301  0.0050000000017019  0.0340358918406038
0.0405 0.00499999999770777  0.00500000000177698  0.0340133995867244
0.041 0.00499999999760897  0.00500000000185602  0.0339906841921708
0.0415 0.00499999999750658  0.00500000000193823  0.033967759247464
0.042 0.00499999999740036  0.00500000000202438  0.0339446112496266
0.0425 0.00499999999728989  0.00500000000211414  0.0339212377964376
0.043 0.00499999999717374  0.00500000000220858  0.0338976650159115
0.0435 0.00499999999705196  0.0050000000023074  0.0338739043610245
0.044 0.00499999999692566  0.00500000000241032  0.0338499524619513
0.0445 0.00499999999679583  0.00500000000251721  0.0338258039109038
0.045 0.00499999999666275  0.00500000000262626  0.0338014581428826
0.0455 0.00499999999652667  0.00500000000273764  0.0337769201753602
0.046 0.00499999999638771  0.00500000000285083  0.0337521929679824
0.0465 0.00499999999624486  0.00500000000296654  0.0337272719481241
0.047 0.00499999999610049  0.00500000000308477  0.0337021323046728
0.0475 0.00499999999595471  0.00500000000320482  0.0336767656023407
0.048 0.00499999999580305  0.00500000000332879  0.0336511989078542
0.0485 0.0049999999956448  0.00500000000345777  0.0336254468532531
0.049 0.00499999999548582  0.00500000000358961  0.0335994865814139
0.0495 0.00499999999531969  0.00500000000372933  0.0335733384574234
0.05 0.00499999999514573  0.00500000000387403  0.0335470237415234
0.0505 0.00499999999496658  0.00500000000402287  0.0335205421074235
0.051 0.00499999999478339  0.00500000000417596  0.0334938861950504
0.0515 0.00499999999459655  0.00500000000433187  0.0334670531904763
0.052 0.004999999994406  0.00500000000449042  0.033440048493171
0.0525 0.00499999999421216  0.00500000000465078  0.0334128744380321
0.053 0.00499999999401443  0.00500000000481472  0.0333855250441459
0.0535 0.00499999999381763  0.00500000000498099  0.0333579637146016
0.054 0.00499999999361478  0.00500000000515082  0.0333302086260603
0.0545 0.00499999999340619  0.00500000000532592  0.033302281587987
0.055 0.004999999993195  0.0050000000055044  0.033274176056093
0.0555 0.00499999999297679  0.00500000000569053  0.0332458929107375
0.056 0.00499999999275006  0.00500000000588476  0.0332174606137752
0.0565 0.00499999999251823  0.00500000000608227  0.0331888829772936
0.057 0.00499999999228226  0.00500000000628378  0.0331601510232662
0.0575 0.0049999999920429  0.00500000000648819  0.0331312603228371
0.058 0.00499999999180026  0.00500000000669565  0.0331022167371465
0.0585 0.00499999999155308  0.00500000000690485  0.0330730216446258
0.059 0.00499999999130186  0.00500000000711827  0.0330436629928059
0.0595 0.00499999999105525  0.00500000000733093  0.0330141064295314
0.06 0.00499999999079909  0.00500000000755061  0.0329843815163485
0.0605 0.00499999999053259  0.00500000000777845  0.0329545091722186
0.061 0.0049999999902707  0.00500000000800473  0.0329244630931792
0.0615 0.00499999998999537  0.00500000000824444  0.0328942797914883
0.062 0.00499999998971368  0.0050000000084888  0.032863971041629
0.0625 0.00499999998942794  0.00500000000873635  0.0328335277032041
0.063 0.00499999998913843  0.00500000000898622  0.0328029422806538
0.0635 0.00499999998884618  0.00500000000923962  0.0327722193245655
0.064 0.00499999998854989  0.00500000000949407  0.0327413618802505
0.0645 0.00499999998824798  0.00500000000975352  0.0327103588305644
0.065 0.00499999998795238  0.00500000001001033  0.0326791737678851
0.0655 0.00499999998764624  0.00500000001027421  0.0326478365186703
0.066 0.00499999998733092  0.00500000001054646  0.0326163672778648
0.0665 0.00499999998701993  0.00500000001081666  0.0325847435138648
0.067 0.00499999998669192  0.00500000001110165  0.0325530046501584
0.0675 0.00499999998636073  0.00500000001138917  0.0325211557513589
0.068 0.00499999998602951  0.00500000001168127  0.0324891845185675
0.0685 0.0049999999856943  0.00500000001197427  0.0324570863465423
0.069 0.0049999999853571  0.0050000000122694  0.0324248683000906
0.0695 0.00499999998501212  0.00500000001256918  0.0323925282625296
0.07 0.0049999999846784  0.00500000001286276  0.0323600348828704
0.0705 0.00499999998433011  0.00500000001316482  0.0323273873160364
0.071 0.00499999998396995  0.00500000001347611  0.0322946167593137
0.0715 0.00499999998361546  0.00500000001378312  0.0322617123745538
0.072 0.00499999998324914  0.00500000001410304  0.0322286942405109
0.0725 0.00499999998287684  0.0050000000144264  0.0321955825745035
0.073 0.00499999998250399  0.00500000001475158  0.0321623658405252
0.0735 0.00499999998213042  0.00500000001507714  0.0321290351110334
0.074 0.00499999998175516  0.00500000001540482  0.0320955962312048
0.0745 0.0049999999813729  0.00500000001573594  0.0320620495807914
0.075 0.00499999998100296  0.00500000001605997  0.0320283658201455
0.0755 0.00499999998062078  0.00500000001639291  0.0319945376633216
0.076 0.00499999998022436  0.00500000001673486  0.0319605981279244
0.0765 0.00499999997984097  0.00500000001706801  0.0319265355447905
0.077 0.00499999997943898  0.00500000001741842  0.0318923743897092
0.0775 0.0049999999790346  0.00500000001777228  0.0318581327184749
0.078 0.00499999997863164  0.00500000001812627  0.0318237964621362
0.0785 0.00499999997822839  0.00500000001848042  0.031789358239109
0.079 0.00499999997782353  0.00500000001883567  0.0317548249640434
0.0795 0.00499999997741298  0.00500000001919459  0.0317201949004114
0.08 0.0049999999770152  0.00500000001954293  0.0316854253793656
0.0805 0.00499999997660032  0.00500000001990089  0.0316505325012011
0.081 0.00499999997617166  0.00500000002026987  0.0316155451922
0.0815 0.0049999999757582  0.00500000002062858  0.0315804431909821
0.082 0.0049999999753238  0.00500000002100612  0.0315452687019115
0.0825 0.00499999997489278  0.00500000002138011  0.0315100207143347
0.083 0.00499999997446587  0.00500000002175316  0.0314746837293982
0.0835 0.00499999997403857  0.00500000002212549  0.0314392580523279
0.084 0.00499999997360987  0.00500000002249942  0.0314037481089833
0.0845 0.00499999997318031  0.00500000002287533  0.0313681356671789
0.085 0.00499999997276399  0.00500000002323928  0.0313323893825527
0.0855 0.00499999997231991  0.00500000002362182  0.03129654978759
0.086 0.00499999997189421  0.00500000002399132  0.0312606124537806
0.0865 0.00499999997144894  0.00500000002437939  0.0312245967478428
0.087 0.00499999997100451  0.00500000002476745  0.0311885224465642
0.0875 0.00499999997056861  0.00500000002515138  0.0311523730154812
0.088 0.00499999997013475  0.00500000002553243  0.031116142127366
0.0885 0.00499999996970044  0.00500000002591419  0.031079836349955
0.089 0.00499999996925827  0.00500000002630272  0.0310434476616368
0.0895 0.00499999996883699  0.00500000002667303  0.0310069305722091
0.09 0.00499999996839718  0.00500000002705882  0.0309703198218066
0.0905 0.00499999996796507  0.00500000002743675  0.0309336258473644
0.091 0.00499999996752297  0.00500000002782546  0.0308968539541313
0.0915 0.00499999996707869  0.00500000002821743  0.0308600333619966
0.092 0.00499999996664305  0.00500000002860315  0.030823149202846
0.0925 0.00499999996621306  0.00500000002898374  0.0307861910661661
0.093 0.0049999999657843  0.00500000002936259  0.0307491659570956
0.0935 0.00499999996534881  0.0050000000297474  0.0307120680824609
0.094 0.00499999996493791  0.00500000003010936  0.0306748508917255
0.0945 0.00499999996450112  0.00500000003049022  0.0306375461744776
0.095 0.004999999964075  0.00500000003086359  0.0306001662321929
0.0955 0.00499999996363769  0.00500000003124967  0.0305627164557244
0.096 0.00499999996320016  0.00500000003163788  0.0305252262255888
0.0965 0.00499999996277616  0.00500000003201694  0.030487679289518
0.097 0.00499999996235861  0.00500000003239074  0.030450066201099
0.0975 0.00499999996194156  0.00500000003276338  0.0304123937230968
0.098 0.00499999996151536  0.00500000003314493  0.0303746523439706
0.0985 0.00499999996112515  0.00500000003349158  0.0303367975849686
0.099 0.00499999996069859  0.00500000003386921  0.0302988670727789
0.0995 0.00499999996028709  0.00500000003423387  0.0302608659101137
0.1 0.00499999995987037  0.0050000000346046  0.030222810650977
0.1005 0.00499999995945845  0.00500000003497091  0.0301847211987159
0.101 0.00499999995906471  0.00500000003532606  0.0301465782577633
0.1015 0.00499999995867602  0.00500000003567755  0.0301083767093158
0.102 0.00499999995828723  0.00500000003602749  0.0300701224952984
0.1025 0.00499999995790798  0.00500000003637043  0.0300317948052652
0.103 0.00499999995752829  0.00500000003671035  0.0299933652755537
0.1035 0.00499999995710788  0.00500000003708131  0.0299548755456825
0.104 0.00499999995675115  0.00500000003740064  0.0299163145111674
0.1045 0.0049999999563534  0.00500000003775662  0.0298777199715258
0.105 0.00499999995597365  0.00500000003809781  0.029839092250228
0.1055 0.00499999995560906  0.00500000003842827  0.0298004129452856
0.106 0.004999999955251  0.00500000003875219  0.0297616835466503
0.1065 0.0049999999548844  0.00500000003908301  0.0297229060839201
0.107 0.00499999995455058  0.00500000003938519  0.0296840383747373
0.1075 0.00499999995419727  0.00500000003970428  0.0296450879922538
0.108 0.00499999995384289  0.00500000004002168  0.0296060842085578
0.1085 0.00499999995349699  0.00500000004033512  0.029567024846068
0.109 0.00499999995314682  0.00500000004065265  0.0295279445103607
0.1095 0.00499999995281723  0.00500000004095404  0.0294888277678775
0.11 0.00499999995250032  0.00500000004124321  0.0294496627613852
0.1105 0.00499999995218601  0.0050000000415301  0.0294104558194762
0.111 0.00499999995186126  0.00500000004182637  0.0293711951994375
0.1115 0.00499999995157941  0.00500000004208213  0.0293318380062451
0.112 0.0049999999512488  0.00500000004238062  0.0292924258473629
0.1125 0.00499999995096393  0.00500000004263429  0.0292529555059615
0.113 0.00499999995064704  0.00500000004291766  0.0292134586018377
0.1135 0.00499999995035234  0.00500000004318075  0.0291739409163375
0.114 0.0049999999500752  0.00500000004342855  0.0291343821761503
0.1145 0.00499999994980569  0.00500000004366989  0.029094783233025
0.115 0.00499999994952569  0.00500000004391942  0.0290551459537508
0.1155 0.00499999994928166  0.0050000000441365  0.0290154280139121
0.116 0.00499999994901119  0.00500000004437294  0.0289756388178967
0.1165 0.00499999994874662  0.00500000004460314  0.0289358040318609
0.117 0.00499999994848411  0.00500000004483354  0.028895927123072
0.1175 0.00499999994822282  0.00500000004506293  0.0288560390121534
0.118 0.00499999994798494  0.00500000004527296  0.0288161212937339
0.1185 0.00499999994775839  0.0050000000454723  0.0287761640802608
0.119 0.00499999994753362  0.00500000004566955  0.0287361739100672
0.1195 0.00499999994731932  0.00500000004585685  0.0286961282637
0.12 0.00499999994711272  0.00500000004603592  0.0286559984345004
0.1205 0.00499999994683593  0.00500000004627367  0.0286158294106576
0.121 0.00499999994667131  0.00500000004641062  0.0285756089356592
0.1215 0.00499999994644925  0.00500000004659665  0.0285353794641108
0.122 0.00499999994624899  0.00500000004676554  0.0284951314207238
0.1225 0.00499999994606674  0.0050000000469193  0.0284548480154651
0.123 0.00499999994588758  0.00500000004706877  0.0284145343718685
0.1235 0.00499999994569207  0.00500000004723219  0.0283741831708222
0.124 0.00499999994555122  0.00500000004734476  0.0283337459593495
0.1245 0.00499999994535511  0.00500000004750505  0.0282932629519727
0.125 0.0049999999452117  0.00500000004761415  0.028252733381349
0.1255 0.00499999994502811  0.00500000004775829  0.0282121895478611
0.126 0.0049999999448728  0.00500000004787792  0.0281716362876941
0.1265 0.00499999994474049  0.00500000004797929  0.0281310531967802
0.127 0.00499999994461068  0.00500000004807697  0.0280904418106503
0.1275 0.00499999994447286  0.00500000004818104  0.0280498025425675
0.128 0.00499999994437822  0.00500000004824465  0.0280090850047251
0.1285 0.00499999994424441  0.00500000004834208  0.0279683144549207
0.129 0.00499999994413632  0.00500000004841244  0.0279275052551888
0.1295 0.00499999994400959  0.00500000004849915  0.0278866742223521
0.13 0.0049999999438959  0.00500000004857388  0.0278458414257868
0.1305 0.00499999994381198  0.00500000004862755  0.0278049841120653
0.131 0.0049999999437347  0.00500000004867296  0.0277640998858806
0.1315 0.00499999994364788  0.00500000004872736  0.0277231923416974
0.132 0.00499999994359908  0.00500000004874877  0.027682217253872
0.1325 0.00499999994352539  0.00500000004879189  0.0276411817893658
0.133 0.00499999994345841  0.00500000004882764  0.0276001144045475
0.1335 0.00499999994338499  0.0050000000488707  0.0275590205257568
0.134 0.00499999994331482  0.00500000004891269  0.0275179295067069
0.1345 0.00499999994327502  0.00500000004893356  0.0274768193366385
0.135 0.00499999994324261  0.00500000004894809  0.0274356841473003
0.1355 0.00499999994320483  0.00500000004896806  0.027394528315678
0.136 0.00499999994319721  0.00500000004896292  0.0273533169011554
0.1365 0.004999999943178  0.00500000004897084  0.0273120414652936
0.137 0.00499999994316311  0.00500000004897332  0.0272707374008189
0.1375 0.00499999994314605  0.00500000004898086  0.0272294050585167
0.138 0.00499999994313207  0.00500000004899062  0.0271880787482983
0.1385 0.00499999994315266  0.00500000004897858  0.0271467379493694
0.139 0.00499999994319025  0.00500000004895725  0.02710537376111
0.1395 0.00499999994323008  0.00500000004893577  0.0270639917352122
0.14 0.00499999994330211  0.00500000004888827  0.0270225605212878
0.1405 0.00499999994336124  0.00500000004885268  0.0269810656973452
0.141 0.00499999994343269  0.00500000004880824  0.0269395434019108
0.1415 0.00499999994351406  0.00500000004875692  0.0268979932363896
0.142 0.00499999994360658  0.00500000004869841  0.0268564516045868
0.1425 0.00499999994374231  0.00500000004860643  0.0268148991974793
0.143 0.0049999999439035  0.00500000004849579  0.0267733256119469
0.1435 0.00499999994407141  0.00500000004837936  0.0267317363308995
0.144 0.0049999999442721  0.00500000004823322  0.026690100653718
0.1445 0.00499999994446766  0.00500000004809332  0.0266484017383607
0.145 0.00499999994468676  0.00500000004793087  0.0266066770965803
0.1455 0.00499999994490976  0.0050000000477642  0.0265649249919127
0.146 0.00499999994514638  0.00500000004758784  0.0265231830146976
0.1465 0.00499999994542656  0.00500000004737437  0.0264814325570956
0.147 0.00499999994573218  0.00500000004713807  0.0264396630079147
0.1475 0.00499999994604525  0.00500000004689248  0.0263978798227457
0.148 0.00499999994639362  0.0050000000466105  0.0263560522698121
0.1485 0.00499999994672958  0.00500000004633488  0.0263141646325184
0.149 0.00499999994707961  0.00500000004604318  0.0262722534309958
0.1495 0.00499999994744774  0.00500000004573386  0.0262303190194666
0.15 0.00499999994783198  0.00500000004540566  0.0261883973650705
0.1505 0.00499999994826135  0.00500000004503714  0.0261464677068689
0.151 0.00499999994871507  0.00500000004464546  0.0261045207205734
0.1515 0.00499999994917439  0.00500000004424284  0.026062561825921
0.152 0.00499999994967124  0.00500000004380426  0.0260205573984163
0.1525 0.00499999995016244  0.00500000004336615  0.0259784957591219
0.153 0.00499999995066415  0.00500000004291311  0.0259364133527453
0.1535 0.00499999995118515  0.00500000004244118  0.0258943114631263
0.154 0.00499999995172114  0.00500000004195059  0.0258522239159076
0.1545 0.00499999995229892  0.00500000004142127  0.0258101288666366
0.155 0.00499999995289865  0.0050000000408701  0.0257680187414345
0.1555 0.00499999995349975  0.0050000000403127  0.0257258979193637
0.156 0.00499999995414662  0.00500000003971095  0.0256837286040612
0.1565 0.00499999995477243  0.00500000003912194  0.0256415076568243
0.157 0.00499999995541311  0.00500000003851226  0.0255992666005202
0.1575 0.00499999995606581  0.00500000003788978  0.0255570118040341
0.158 0.00499999995673461  0.00500000003724725  0.0255147723133395
0.1585 0.00499999995744202  0.00500000003656943  0.0254725245413952
0.159 0.00499999995816705  0.00500000003587478  0.0254302640876938
0.1595 0.00499999995888826  0.00500000003517807  0.0253879943564073
0.16 0.0049999999596475  0.00500000003444319  0.0253456699061551
0.1605 0.00499999996038792  0.00500000003372053  0.0253033014915667
0.161 0.00499999996114405  0.00500000003297772  0.0252609141198719
0.1615 0.00499999996190866  0.00500000003222513  0.0252185181715309
0.162 0.00499999996268973  0.00500000003145306  0.0251761383457035
0.1625 0.00499999996350141  0.00500000003065283  0.0251337491504509
0.163 0.00499999996432405  0.00500000002984137  0.0250913497190616
0.1635 0.00499999996514314  0.00500000002902886  0.0250489412119003
0.164 0.0049999999659907  0.00500000002818755  0.0250064701590763
0.1645 0.00499999996681571  0.00500000002736046  0.0249639648612903
0.165 0.00499999996767323  0.0050000000264999  0.0249214363556017
0.1655 0.00499999996851567  0.0050000000256484  0.0248789124882883
0.166 0.00499999996938304  0.00500000002477306  0.0248364008827607
0.1665 0.00499999997027029  0.00500000002387958  0.0247938796000234
0.167 0.00499999997116381  0.00500000002297903  0.0247513502697972
0.1675 0.00499999997205132  0.00500000002208043  0.0247088087622633
0.168 0.00499999997296606  0.00500000002115559  0.0246662028758995
0.1685 0.00499999997384949  0.00500000002025245  0.0246235724615554
0.169 0.00499999997476309  0.00500000001932172  0.0245809193135176
0.1695 0.00499999997567037  0.00500000001839467  0.0245382793567048
0.17 0.00499999997659491  0.00500000001745317  0.0244956485289382
0.1705 0.00499999997753262  0.0050000000165013  0.0244530077448858
0.171 0.00499999997847166  0.00500000001554572  0.0244103611322747
0.1715 0.00499999997939971  0.00500000001459513  0.0243676958103718
0.172 0.00499999998034702  0.00500000001362576  0.0243249668488069
0.1725 0.00499999998126206  0.00500000001267749  0.0242822227089725
0.173 0.00499999998221288  0.00500000001170441  0.0242394541249605
0.1735 0.00499999998314531  0.00500000001074136  0.0241967051309663
0.174 0.00499999998408696  0.00500000000977197  0.024153961563
0.1745 0.0049999999850334  0.00500000000879903  0.0241112079735177
0.175 0.00499999998597635  0.00500000000782585  0.0240684502851745
0.1755 0.00499999998692028  0.00500000000685118  0.0240256620785159
0.176 0.00499999998785377  0.00500000000588022  0.023982819535164
0.1765 0.00499999998878081  0.00500000000491106  0.0239399627474873
0.177 0.00499999998971098  0.00500000000394144  0.023897092225729
0.1775 0.00499999999063802  0.00500000000297538  0.0238542439177536
0.178 0.00499999999156816  0.00500000000200953  0.0238113963782664
0.1785 0.00499999999249737  0.00500000000104499  0.0237685409674273
0.179 0.00499999999341937  0.00500000000008309  0.023725681870212
0.1795 0.00499999999433956  0.00499999999912485  0.0236827805235483
0.18 0.00499999999524841  0.00499999999816984  0.0236398342374569
0.1805 0.00499999999615127  0.00499999999721797  0.0235968731132281
0.181 0.00499999999704594  0.00499999999626997  0.0235539075022871
0.1815 0.00499999999793455  0.00499999999532744  0.0235109639061243
0.182 0.00499999999881976  0.00499999999439241  0.0234680166603324
0.1825 0.00499999999969988  0.00499999999346258  0.0234250642681893
0.183 0.00500000000057167  0.00499999999253632  0.0233821080622573
0.1835 0.00500000000143343  0.00499999999162032  0.0233390936609447
0.184 0.00500000000228757  0.00499999999070426  0.0232960501561227
0.1845 0.00500000000313071  0.00499999998980174  0.0232529882236942
0.185 0.00500000000396509  0.00499999998890251  0.023209937418768
0.1855 0.00500000000478954  0.00499999998801706  0.0231669025439113
0.186 0.00500000000560496  0.00499999998714341  0.0231238622492533
0.1865 0.00500000000641249  0.00499999998627694  0.023080819101526
0.187 0.00500000000721182  0.00499999998541437  0.0230377649856951
0.1875 0.00500000000799255  0.00499999998457005  0.0229946497261222
0.188 0.00500000000877222  0.00499999998371743  0.0229515193721055
0.1885 0.00500000000952701  0.00499999998289457  0.0229083665412742
0.189 0.00500000001027659  0.00499999998207036  0.0228652365773924
0.1895 0.00500000001101  0.00499999998126554  0.0228221168384673
0.19 0.00500000001173121  0.00499999998047585  0.0227789906877442
0.1905 0.00500000001244269  0.00499999997969384  0.0227358637863907
0.191 0.0050000000131357  0.00499999997893107  0.0226927106880787
0.1915 0.00500000001382241  0.00499999997816575  0.0226495057654934
0.192 0.00500000001450177  0.00499999997740475  0.0226062895198794
0.1925 0.0050000000151595  0.00499999997667037  0.0225630630631153
0.193 0.00500000001580583  0.00499999997594762  0.0225198620667314
0.1935 0.00500000001643204  0.00499999997524973  0.0224766644910879
0.194 0.00500000001704461  0.0049999999745666  0.0224334619485132
0.1945 0.00500000001764912  0.00499999997388693  0.0223902586778433
0.195 0.00500000001822662  0.00499999997323843  0.0223470144183079
0.1955 0.00500000001880521  0.00499999997258196  0.0223037311986852
0.196 0.00500000001936509  0.00499999997194432  0.0222604365082699
0.1965 0.00500000001991456  0.00499999997131704  0.0222171451563448
0.197 0.00500000002044204  0.00499999997071592  0.0221738766227461
0.1975 0.00500000002094748  0.00499999997014144  0.0221306060266482
0.198 0.00500000002144046  0.00499999996957906  0.0220873337210017
0.1985 0.00500000002192628  0.00499999996901978  0.0220440574319076
0.199 0.00500000002237667  0.00499999996849985  0.0220007252168567
0.1995 0.00500000002284334  0.00499999996795188  0.0219573728019872
0.2 0.00500000002327032  0.00499999996745244  0.021914003935174
0.2005 0.00500000002369569  0.00499999996695159  0.0218706547314696
0.201 0.00500000002409387  0.0049999999664829  0.0218273206043071
0.2015 0.00500000002447037  0.00499999996604016  0.0217839821415665
0.202 0.00500000002483409  0.00499999996560897  0.0217406442711182
0.2025 0.00500000002518069  0.00499999996519412  0.0216972898139066
0.203 0.00500000002551127  0.00499999996479235  0.0216538801864378
0.2035 0.00500000002584768  0.00499999996437842  0.0216104619919054
0.204 0.0050000000261416  0.00499999996401733  0.0215670296557383
0.2045 0.00500000002642888  0.00499999996366072  0.0215236249418785
0.205 0.00500000002668693  0.00499999996333971  0.0214802279190369
0.2055 0.00500000002692623  0.00499999996303984  0.0214368268578498
0.206 0.005000000027157  0.00499999996274641  0.0213934270143556
0.2065 0.00500000002735789  0.00499999996248441  0.0213499906410968
0.207 0.00500000002755633  0.00499999996221725  0.0213065128459889
0.2075 0.00500000002773133  0.00499999996197522  0.0212630242985693
0.208 0.00500000002789417  0.00499999996174393  0.0212195359830949
0.2085 0.00500000002803404  0.00499999996153428  0.0211760740327136
0.209 0.00500000002814199  0.0049999999613633  0.0211326121695458
0.2095 0.00500000002823516  0.00499999996120923  0.0210891494474914
0.21 0.00500000002832327  0.00499999996105599  0.0210456853807585
0.2105 0.00500000002837457  0.00499999996094243  0.0210021660490226
0.211 0.00500000002843908  0.00499999996080528  0.0209586253197873
0.2115 0.0050000000284591  0.00499999996071976  0.0209150688950235
0.212 0.00500000002847758  0.00499999996062999  0.0208715319074415
0.2125 0.00500000002846693  0.00499999996057649  0.0208280122513262
0.213 0.00500000002843296  0.00499999996055051  0.0207844900447958
0.2135 0.00500000002838648  0.00499999996053607  0.0207409699151125
0.214 0.00500000002832271  0.00499999996053903  0.0206974350942345
0.2145 0.00500000002824747  0.00499999996055268  0.0206538462816027
0.215 0.00500000002818342  0.00499999996054553  0.0206102501626128
0.2155 0.00500000002807135  0.00499999996060268  0.0205666415615276
0.216 0.00500000002795562  0.00499999996066023  0.0205230620830166
0.2165 0.00500000002781052  0.00499999996075428  0.0204794914284661
0.217 0.00500000002764756  0.00499999996086922  0.0204359179876182
0.2175 0.00500000002747795  0.00499999996098828  0.0203923470585895
0.218 0.00500000002727503  0.00499999996114488  0.0203487395459253
0.2185 0.00500000002707775  0.00499999996128683  0.0203050926073334
0.219 0.00500000002686009  0.0049999999614483  0.0202614368288632
0.2195 0.00500000002662926  0.00499999996162217  0.0202177837646955
0.22 0.00500000002637573  0.00499999996182214  0.0201741577787927
0.2205 0.00500000002609776  0.00499999996205293  0.0201305326159496
0.221 0.00500000002580853  0.00499999996229518  0.0200869085108833
0.2215 0.00500000002551728  0.00499999996253625  0.0200432828556823
0.222 0.00500000002519124  0.00499999996281695  0.0199996029258705
0.2225 0.0050000000248852  0.00499999996306538  0.0199559063129382
0.223 0.00500000002453097  0.00499999996337851  0.0199121928487982
0.2235 0.00500000002418704  0.0049999999636721  0.0198685034843148
0.224 0.00500000002381619  0.00499999996399986  0.0198248305440245
0.2245 0.00500000002342728  0.00499999996435113  0.0197811560613775
0.225 0.0050000000230305  0.00499999996470974  0.0197374850808378
0.2255 0.00500000002262259  0.00499999996507875  0.0196937950447389
0.226 0.00500000002219849  0.00499999996545893  0.0196500524620041
0.2265 0.00500000002177411  0.00499999996583372  0.0196063030247162
0.227 0.00500000002133117  0.00499999996623576  0.0195625475036047
0.2275 0.0050000000208789  0.00499999996664648  0.019518821931033
0.228 0.00500000002040491  0.00499999996708668  0.019475103565993
0.2285 0.00500000001991774  0.00499999996754262  0.0194313842353541
0.229 0.00500000001942857  0.00499999996799607  0.0193876685996626
0.2295 0.00500000001891776  0.00499999996847911  0.0193439095362094
0.23 0.00500000001841153  0.00499999996894739  0.0193001187449136
0.2305 0.00500000001788751  0.00499999996943522  0.0192563185400613
0.231 0.00500000001736183  0.00499999996992159  0.0192125289804358
0.2315 0.00500000001682008  0.00499999997042956  0.0191687640573989
0.232 0.00500000001626424  0.0049999999709582  0.019124999701443
0.2325 0.0050000000157012  0.0049999999714935  0.0190812377939061
0.233 0.00500000001513705  0.00499999997202607  0.019037470993342
0.2335 0.00500000001455176  0.00499999997258515  0.018993647922422
0.234 0.00500000001397974  0.00499999997311335  0.0189498155486641
0.2345 0.00500000001337954  0.00499999997368898  0.0189059671107825
0.235 0.00500000001278272  0.00499999997425282  0.0188621479722935
0.2355 0.00500000001217263  0.00499999997483708  0.0188183429520792
0.236 0.00500000001155375  0.00499999997543374  0.018774537016826
0.2365 0.00500000001093178  0.00499999997603184  0.0187307357092951
0.237 0.00500000001029992  0.0049999999766447  0.0186869067416075
0.2375 0.00500000000966845  0.00499999997725106  0.018643034461946
0.238 0.00500000000903113  0.00499999997786113  0.0185991550669753
0.2385 0.00500000000838762  0.00499999997847817  0.0185552763586244
0.239 0.00500000000773863  0.00499999997910341  0.0185114273036129
0.2395 0.00500000000708164  0.00499999997974584  0.0184675821740894
0.24 0.00500000000642058  0.0049999999803927  0.0184237391076422
0.2405 0.00500000000575904  0.00499999998103732  0.0183798983160068
0.241 0.00500000000508957  0.00499999998169568  0.018336005823717
0.2415 0.00500000000442305  0.00499999998233776  0.0182920937933989
0.242 0.00500000000374817  0.0049999999829985  0.018248168850948
0.2425 0.00500000000307436  0.00499999998365276  0.0182042662999814
0.243 0.00500000000239679  0.00499999998431847  0.0181603836236357
0.2435 0.0050000000017165  0.00499999998499252  0.0181165008786584
0.244 0.00500000000103503  0.00499999998566705  0.0180726229635646
0.2445 0.00500000000035268  0.00499999998634272  0.0180287301809032
0.245 0.00499999999966835  0.0049999999870172  0.0179847859456387
0.2455 0.00499999999898355  0.00499999998768829  0.0179408355032587
0.246 0.00499999999829888  0.00499999998835932  0.017896878191151
0.2465 0.00499999999761519  0.00499999998903161  0.0178529519552469
0.247 0.00499999999693274  0.00499999998970999  0.0178090348980224
0.2475 0.0049999999962505  0.0049999999903904  0.0177651184074702
0.248 0.00499999999556832  0.00499999999106757  0.0177212071623235
0.2485 0.00499999999488924  0.00499999999174708  0.0176772541728274
0.249 0.00499999999420785  0.00499999999241803  0.0176332706309203
0.2495 0.0049999999935302  0.00499999999308963  0.0175892782478748
0.25 0.00499999999285392  0.00499999999375723  0.017545301556992
0.2505 0.0049999999921834  0.00499999999442621  0.0175013497796805
0.251 0.00499999999151778  0.00499999999509694  0.0174573995795441
0.2515 0.00499999999085433  0.00499999999576608  0.0174134532326565
0.252 0.0049999999901904  0.00499999999643005  0.017369502108408
0.2525 0.00499999998953665  0.0049999999970926  0.0173254950906941
0.253 0.00499999998886853  0.00499999999774583  0.0172814811730663
0.2535 0.0049999999882296  0.00499999999840134  0.0172374544738377
0.254 0.00499999998758387  0.00499999999904978  0.0171934596822691
0.2545 0.00499999998694846  0.0049999999996957  0.0171494790942911
0.255 0.00499999998631968  0.00500000000033922  0.0171054990291698
0.2555 0.00499999998569245  0.00500000000097885  0.0170615246589512
0.256 0.00499999998507759  0.00500000000161173  0.0170175207120922
0.2565 0.00499999998445862  0.00500000000224061  0.0169734785727857
0.257 0.0049999999838491  0.00500000000286362  0.0169294292921411
0.2575 0.00499999998324359  0.00500000000348157  0.0168853844755786
0.258 0.00499999998264758  0.00500000000409198  0.0168413699090862
0.2585 0.00499999998206608  0.005000000004696  0.0167973591162785
0.259 0.00499999998148917  0.00500000000529514  0.0167533521040102
0.2595 0.00499999998091316  0.0050000000058897  0.0167093462118283
0.26 0.00499999998035413  0.00500000000647105  0.0166652865898303
0.2605 0.004999999979778  0.00500000000705373  0.016621213834439
0.261 0.00499999997923906  0.0050000000076174  0.016577127427545
0.2615 0.00499999997869168  0.00500000000817847  0.0165330688018976
0.262 0.00499999997816287  0.00500000000872909  0.0164890282881545
0.2625 0.00499999997764685  0.00500000000927099  0.0164449883705285
0.263 0.00499999997713504  0.00500000000980739  0.0164009546113894
0.2635 0.0049999999766394  0.00500000001033056  0.0163568990657221
0.264 0.00499999997613923  0.00500000001084893  0.0163127986132194
0.2645 0.00499999997564464  0.00500000001135923  0.0162686931905936
0.265 0.00499999997516351  0.00500000001186006  0.0162245880145146
0.2655 0.00499999997469253  0.00500000001235039  0.016180514723322
0.266 0.0049999999742464  0.00500000001282483  0.0161364484379351
0.2665 0.00499999997380884  0.00500000001329251  0.0160923854747784
0.267 0.00499999997337125  0.00500000001375562  0.0160483275089843
0.2675 0.00499999997295877  0.00500000001419939  0.0160042213811177
0.268 0.00499999997252762  0.00500000001464885  0.0159600953624945
0.2685 0.00499999997213276  0.00500000001507368  0.015915957244632
0.269 0.00499999997173094  0.00500000001549745  0.0158718421137999
0.2695 0.00499999997135198  0.00500000001590257  0.0158277487058091
0.27 0.00499999997099113  0.00500000001629423  0.015783656646861
0.2705 0.00499999997063661  0.00500000001667879  0.0157395707209253
0.271 0.00499999997029438  0.00500000001705018  0.0156954715834689
0.2715 0.00499999996995973  0.00500000001741061  0.0156513221180623
0.272 0.00499999996962515  0.00500000001776284  0.0156071677316544
0.2725 0.00499999996930143  0.0050000000181036  0.0155630081275824
0.273 0.0049999999689862  0.00500000001843053  0.0155188809949023
0.2735 0.00499999996869761  0.00500000001873829  0.0154747640876014
0.274 0.00499999996842256  0.0050000000190339  0.0154306489946466
0.2745 0.00499999996814505  0.00500000001932725  0.0153865402346403
0.275 0.00499999996789627  0.00500000001959584  0.0153423887025016
0.2755 0.00499999996763376  0.00500000001986677  0.0152982092165617
0.276 0.00499999996740477  0.00500000002010904  0.0152540190215671
0.2765 0.0049999999671639  0.00500000002035426  0.0152098475369637
0.277 0.00499999996695339  0.00500000002057596  0.0151657009087864
0.2775 0.00499999996676482  0.0050000000207804  0.0151215567324921
0.278 0.00499999996658396  0.00500000002097651  0.0150774182368016
0.2785 0.00499999996640885  0.00500000002116394  0.0150332739935778
0.279 0.00499999996625715  0.00500000002132889  0.0149890746767567
0.2795 0.00499999996608569  0.00500000002149687  0.0149448723743031
0.28 0.00499999996594638  0.00500000002164173  0.0149006587127247
0.2805 0.00499999996580486  0.00500000002177882  0.0148564789292203
0.281 0.00499999996569243  0.00500000002189353  0.0148123125038108
0.2815 0.00499999996559588  0.00500000002199468  0.0147681474704296
0.282 0.00499999996549863  0.00500000002209257  0.0147239891864107
0.2825 0.00499999996543458  0.00500000002216291  0.0146797973351785
0.283 0.00499999996535141  0.00500000002224074  0.0146355727709318
0.2835 0.00499999996529326  0.00500000002229769  0.0145913407353721
0.284 0.00499999996523808  0.00500000002234941  0.0145471209712174
0.2845 0.00499999996520878  0.00500000002237834  0.0145029294777859
0.285 0.00499999996520385  0.00500000002238822  0.0144587416784546
0.2855 0.00499999996520761  0.00500000002238834  0.0144145590654929
0.286 0.00499999996520942  0.00500000002238448  0.0143703743144862
0.2865 0.00499999996524748  0.00500000002234833  0.0143261355308228
0.287 0.00499999996524101  0.00500000002233476  0.0142818906138228
0.2875 0.00499999996531265  0.0050000000222659  0.0142376341373979
0.288 0.00499999996536526  0.00500000002220365  0.0141934111585033
0.2885 0.0049999999654489  0.00500000002211689  0.0141492039742143
0.289 0.00499999996555174  0.00500000002201286  0.0141049987945262
0.2895 0.00499999996565668  0.00500000002190253  0.0140608007902998
0.29 0.00499999996578747  0.00500000002176808  0.014016573304388
0.2905 0.00499999996591303  0.00500000002163012  0.0139723095389056
0.291 0.00499999996605771  0.00500000002147179  0.0139280404948585
0.2915 0.00499999996621437  0.00500000002129657  0.0138837782585911
0.292 0.00499999996639317  0.00500000002109234  0.0138395472054822
0.2925 0.00499999996659947  0.00500000002085976  0.0137953205872433
0.293 0.00499999996681615  0.00500000002060953  0.0137510991687596
0.2935 0.00499999996702909  0.00500000002034965  0.0137068783730212
0.294 0.00499999996728282  0.00500000002004663  0.0136626034709204
0.2945 0.00499999996751092  0.00500000001974359  0.0136183194221106
0.295 0.00499999996780371  0.00500000001938334  0.0135740207510244
0.2955 0.00499999996810003  0.00500000001900155  0.0135297541341248
0.296 0.0049999999684385  0.0050000000185739  0.013485505124037
0.2965 0.00499999996880535  0.00500000001811271  0.0134412582345515
0.297 0.00499999996918425  0.00500000001763005  0.0133970189118806
0.2975 0.00499999996959301  0.00500000001711332  0.0133527541237862
0.298 0.00499999997000816  0.00500000001657672  0.0133084489811914
0.2985 0.0049999999704432  0.00500000001600941  0.0132641401695105
0.299 0.00499999997091599  0.00500000001540246  0.0132198372292208
0.2995 0.00499999997142643  0.00500000001475485  0.0131755666364545
0.3 0.00499999997198903  0.00500000001406116  0.0131313018608983
