#
0.0005 0.00499999999999816  0.00500000000000146  0.0349996408846278
0.001 0.00499999999999504  0.00500000000000308  0.0349989579431958
0.0015 0.00499999999999108  0.00500000000000496  0.0349979488547805
0.002 0.00499999999998736  0.00500000000000687  0.0349966145994212
0.0025 0.00499999999998513  0.00500000000000835  0.0349949564091001
0.003 0.00499999999998303  0.00500000000000963  0.0349929753800138
0.0035 0.00499999999998043  0.00500000000001074  0.0349906724297317
0.004 0.00499999999997709  0.00500000000001265  0.034988048285296
0.0045 0.00499999999997398  0.00500000000001511  0.0349851034643881
0.005 0.00499999999997133  0.00500000000001805  0.0349818382401105
0.0055 0.00499999999996905  0.00500000000002099  0.0349782525838596
0.006 0.00499999999996563  0.00500000000002393  0.0349743460786917
0.0065 0.00499999999996295  0.00500000000002711  0.0349701177855509
0.007 0.00499999999995982  0.00500000000003035  0.0349655660138975
0.0075 0.00499999999995684  0.00500000000003405  0.0349606878578829
0.008 0.00499999999995318  0.00500000000003732  0.0349554723715514
0.0085 0.00499999999994948  0.0050000000000407  0.0349499140164049
0.009 0.00499999999994518  0.00500000000004427  0.0349440243381003
0.0095 0.00499999999994058  0.00500000000004833  0.0349378093548509
0.01 0.00499999999993557  0.00500000000005245  0.0349312744675911
0.0105 0.00499999999993031  0.00500000000005693  0.0349244315262296
0.011 0.00499999999992445  0.00500000000006188  0.0349172869582584
0.0115 0.00499999999991784  0.00500000000006677  0.0349098454976507
0.012 0.00499999999991073  0.00500000000007253  0.0349021113840252
0.0125 0.00499999999990313  0.00500000000007917  0.0348940886954361
0.013 0.00499999999989493  0.00500000000008607  0.0348857800477379
0.0135 0.00499999999988697  0.0050000000000937  0.0348771873430513
0.014 0.00499999999987747  0.00500000000010163  0.0348683119227051
0.0145 0.00499999999986821  0.0050000000001099  0.0348591548921638
0.015 0.00499999999985824  0.00500000000011862  0.034849716305646
0.0155 0.00499999999984764  0.00500000000012769  0.0348399941201218
0.016 0.00499999999983631  0.00500000000013738  0.034829989525521
0.0165 0.0049999999998249  0.00500000000014706  0.0348197036832897
0.017 0.00499999999981332  0.00500000000015648  0.034809137559745
0.0175 0.00499999999980128  0.00500000000016605  0.0347982947518585
0.018 0.00499999999978806  0.00500000000017615  0.0347871775552396
0.0185 0.00499999999977526  0.0050000000001862  0.0347757883821142
0.019 0.00499999999976214  0.00500000000019632  0.034764126785503
0.0195 0.00499999999974855  0.00500000000020679  0.0347521912292414
0.02 0.00499999999973455  0.00500000000021739  0.034739979821839
0.0205 0.00499999999971963  0.00500000000022754  0.0347274874080882
0.021 0.0049999999997044  0.00500000000023782  0.0347146967131225
0.0215 0.00499999999968803  0.00500000000024874  0.0347015962406792
0.022 0.00499999999967127  0.00500000000026025  0.0346882016210726
0.0225 0.00499999999965234  0.00500000000027286  0.0346745258400858
0.023 0.00499999999963332  0.00500000000028549  0.0346605750123706
0.0235 0.00499999999961259  0.00500000000029924  0.0346463558944217
0.024 0.00499999999959004  0.00500000000031452  0.0346318674041675
0.0245 0.00499999999956631  0.00500000000033138  0.0346170946896042
0.025 0.00499999999954029  0.00500000000034987  0.0346020319392643
0.0255 0.00499999999951312  0.00500000000037045  0.0345866989704977
0.026 0.00499999999948251  0.00500000000039252  0.0345711113265453
0.0265 0.00499999999944919  0.00500000000041659  0.0345552772244525
0.027 0.00499999999941297  0.00500000000044311  0.0345391994424967
0.0275 0.00499999999937517  0.00500000000047146  0.0345228772141043
0.028 0.00499999999933604  0.00500000000050071  0.0345063091391583
0.0285 0.00499999999929598  0.00500000000053171  0.0344894936583819
0.029 0.0049999999992537  0.00500000000056406  0.034472432058854
0.0295 0.00499999999921032  0.00500000000059702  0.0344551283754046
0.03 0.00499999999916582  0.00500000000063059  0.0344375862218927
0.0305 0.00499999999912018  0.00500000000066488  0.0344198042349722
0.031 0.00499999999907325  0.0050000000007  0.0344017794526989
0.0315 0.00499999999902478  0.00500000000073568  0.0343835005122247
0.032 0.00499999999897601  0.00500000000077275  0.0343649419295401
0.0325 0.00499999999892662  0.00500000000081188  0.0343461218343729
0.033 0.00499999999887291  0.00500000000085245  0.034327053905259
0.0335 0.00499999999881692  0.00500000000089424  0.0343077490771217
0.034 0.00499999999875784  0.00500000000093875  0.0342882039522313
0.0345 0.00499999999869646  0.00500000000098679  0.0342683942705457
0.035 0.00499999999863063  0.00500000000103855  0.0342483466507267
0.0355 0.00499999999856084  0.00500000000109365  0.03422807783502
0.036 0.0049999999984877  0.00500000000115225  0.0342075954438525
0.0365 0.004999999998411  0.00500000000121408  0.0341868970952272
0.037 0.00499999999833083  0.00500000000127869  0.0341659797290394
0.0375 0.00499999999824867  0.0050000000013454  0.0341448416419271
0.038 0.00499999999816415  0.00500000000141366  0.0341234861287937
0.0385 0.00499999999807737  0.00500000000148346  0.034101918438644
0.039 0.00499999999798808  0.00500000000155437  0.0340801369522448
0.0395 0.0049999999978967  0.00500000000162708  0.0340581378809566
0.04 0.00499999999780301  0.0050000000017019  0.0340358918406038
0.0405 0.00499999999770777  0.00500000000177698  0.0340133995867244
0.041 0.00499999999760897  0.00500000000185602  0.0339906841921708
0.0415 0.00499999999750658  0.00500000000193823  0.033967759247464
0.042 0.00499999999740036  0.00500000000202438  0.0339446112496266
0.0425 0.00499999999728989  0.00500000000211414  0.0339212377964376
0.043 0.00499999999717374  0.00500000000220858  0.0338976650159115
0.0435 0.00499999999705196  0.0050000000023074  0.0338739043610245
0.044 0.00499999999692566  0.00500000000241032  0.0338499524619513
0.0445 0.00499999999679583  0.00500000000251721  0.0338258039109038
0.045 0.00499999999666275  0.00500000000262626  0.0338014581428826
0.0455 0.00499999999652667  0.00500000000273764  0.0337769201753602
0.046 0.00499999999638771  0.00500000000285083  0.0337521929679824
0.0465 0.00499999999624486  0.00500000000296654  0.0337272719481241
0.047 0.00499999999610049  0.00500000000308477  0.0337021323046728
0.0475 0.00499999999595471  0.00500000000320482  0.0336767656023407
0.048 0.00499999999580305  0.00500000000332879  0.0336511989078542
0.0485 0.0049999999956448  0.00500000000345777  0.0336254468532531
0.049 0.00499999999548582  0.00500000000358961  0.0335994865814139
0.0495 0.00499999999531969  0.00500000000372933  0.0335733384574234
0.05 0.00499999999514573  0.00500000000387403  0.0335470237415234
0.0505 0.00499999999496658  0.00500000000402287  0.0335205421074235
0.051 0.00499999999478339  0.00500000000417596  0.0334938861950504
0.0515 0.00499999999459655  0.00500000000433187  0.0334670531904763
0.052 0.004999999994406  0.00500000000449042  0.033440048493171
0.0525 0.00499999999421216  0.00500000000465078  0.0334128744380321
0.053 0.00499999999401443  0.00500000000481472  0.0333855250441459
0.0535 0.00499999999381763  0.00500000000498099  0.0333579637146016
0.054 0.00499999999361478  0.00500000000515082  0.0333302086260603
0.0545 0.00499999999340619  0.00500000000532592  0.033302281587987
0.055 0.004999999993195  0.0050000000055044  0.033274176056093
0.0555 0.00499999999297679  0.00500000000569053  0.0332458929107375
0.056 0.00499999999275006  0.00500000000588476  0.0332174606137752
0.0565 0.00499999999251823  0.00500000000608227  0.0331888829772936
0.057 0.00499999999228226  0.00500000000628378  0.0331601510232662
0.0575 0.0049999999920429  0.00500000000648819  0.0331312603228371
0.058 0.00499999999180026  0.00500000000669565  0.0331022167371465
0.0585 0.00499999999155308  0.00500000000690485  0.0330730216446258
0.059 0.00499999999130186  0.00500000000711827  0.0330436629928059
0.0595 0.00499999999105525  0.00500000000733093  0.0330141064295314
0.06 0.00499999999079909  0.00500000000755061  0.0329843815163485
0.0605 0.00499999999053259  0.00500000000777845  0.0329545091722186
0.061 0.0049999999902707  0.00500000000800473  0.0329244630931792
0.0615 0.00499999998999537  0.00500000000824444  0.0328942797914883
0.062 0.00499999998971368  0.0050000000084888  0.032863971041629
0.0625 0.00499999998942794  0.00500000000873635  0.0328335277032041
0.063 0.00499999998913843  0.00500000000898622  0.0328029422806538
0.0635 0.00499999998884618  0.00500000000923962  0.0327722193245655
0.064 0.00499999998854989  0.00500000000949407  0.0327413618802505
0.0645 0.00499999998824798  0.00500000000975352  0.0327103588305644
0.065 0.00499999998795238  0.00500000001001033  0.0326791737678851
0.0655 0.00499999998764624  0.00500000001027421  0.0326478365186703
0.066 0.00499999998733092  0.00500000001054646  0.0326163672778648
0.0665 0.00499999998701993  0.00500000001081666  0.0325847435138648
0.067 0.00499999998669192  0.00500000001110165  0.0325530046501584
0.0675 0.00499999998636073  0.00500000001138917  0.0325211557513589
0.068 0.00499999998602951  0.00500000001168127  0.0324891845185675
0.0685 0.0049999999856943  0.00500000001197427  0.0324570863465423
0.069 0.0049999999853571  0.0050000000122694  0.0324248683000906
0.0695 0.00499999998501212  0.00500000001256918  0.0323925282625296
0.07 0.0049999999846784  0.00500000001286276  0.0323600348828704
0.0705 0.00499999998433011  0.00500000001316482  0.0323273873160364
0.071 0.00499999998396995  0.00500000001347611  0.0322946167593137
0.0715 0.00499999998361546  0.00500000001378312  0.0322617123745538
0.072 0.00499999998324914  0.00500000001410304  0.0322286942405109
0.0725 0.00499999998287684  0.0050000000144264  0.0321955825745035
0.073 0.00499999998250399  0.00500000001475158  0.0321623658405252
0.0735 0.00499999998213042  0.00500000001507714  0.0321290351110334
0.074 0.00499999998175516  0.00500000001540482  0.0320955962312048
0.0745 0.0049999999813729  0.00500000001573594  0.0320620495807914
0.075 0.00499999998100296  0.00500000001605997  0.0320283658201455
0.0755 0.00499999998062078  0.00500000001639291  0.0319945376633216
0.076 0.00499999998022436  0.00500000001673486  0.0319605981279244
0.0765 0.00499999997984097  0.00500000001706801  0.0319265355447905
0.077 0.00499999997943898  0.00500000001741842  0.0318923743897092
0.0775 0.0049999999790346  0.00500000001777228  0.0318581327184749
0.078 0.00499999997863164  0.00500000001812627  0.0318237964621362
0.0785 0.00499999997822839  0.00500000001848042  0.031789358239109
0.079 0.00499999997782353  0.00500000001883567  0.0317548249640434
0.0795 0.00499999997741298  0.00500000001919459  0.0317201949004114
0.08 0.0049999999770152  0.00500000001954293  0.0316854253793656
0.0805 0.00499999997660032  0.00500000001990089  0.0316505325012011
0.081 0.00499999997617166  0.00500000002026987  0.0316155451922
0.0815 0.0049999999757582  0.00500000002062858  0.0315804431909821
0.082 0.0049999999753238  0.00500000002100612  0.0315452687019115
0.0825 0.00499999997489278  0.00500000002138011  0.0315100207143347
0.083 0.00499999997446587  0.00500000002175316  0.0314746837293982
0.0835 0.00499999997403857  0.00500000002212549  0.0314392580523279
0.084 0.00499999997360987  0.00500000002249942  0.0314037481089833
0.0845 0.00499999997318031  0.00500000002287533  0.0313681356671789
0.085 0.00499999997276399  0.00500000002323928  0.0313323893825527
0.0855 0.00499999997231991  0.00500000002362182  0.03129654978759
0.086 0.00499999997189421  0.00500000002399132  0.0312606124537806
0.0865 0.00499999997144894  0.00500000002437939  0.0312245967478428
0.087 0.00499999997100451  0.00500000002476745  0.0311885224465642
0.0875 0.00499999997056861  0.00500000002515138  0.0311523730154812
0.088 0.00499999997013475  0.00500000002553243  0.031116142127366
0.0885 0.00499999996970044  0.00500000002591419  0.031079836349955
0.089 0.00499999996925827  0.00500000002630272  0.0310434476616368
0.0895 0.00499999996883699  0.00500000002667303  0.0310069305722091
0.09 0.00499999996839718  0.00500000002705882  0.0309703198218066
0.0905 0.00499999996796507  0.00500000002743675  0.0309336258473644
0.091 0.00499999996752297  0.00500000002782546  0.0308968539541313
0.0915 0.00499999996707869  0.00500000002821743  0.0308600333619966
0.092 0.00499999996664305  0.00500000002860315  0.030823149202846
0.0925 0.00499999996621306  0.00500000002898374  0.0307861910661661
0.093 0.0049999999657843  0.00500000002936259  0.0307491659570956
0.0935 0.00499999996534881  0.0050000000297474  0.0307120680824609
0.094 0.00499999996493791  0.00500000003010936  0.0306748508917255
0.0945 0.00499999996450112  0.00500000003049022  0.0306375461744776
0.095 0.004999999964075  0.00500000003086359  0.0306001662321929
0.0955 0.00499999996363769  0.00500000003124967  0.0305627164557244
0.096 0.00499999996320016  0.00500000003163788  0.0305252262255888
0.0965 0.00499999996277616  0.00500000003201694  0.030487679289518
0.097 0.00499999996235861  0.00500000003239074  0.030450066201099
0.0975 0.00499999996194156  0.00500000003276338  0.0304123937230968
0.098 0.00499999996151536  0.00500000003314493  0.0303746523439706
0.0985 0.00499999996112515  0.00500000003349158  0.0303367975849686
0.099 0.00499999996069859  0.00500000003386921  0.0302988670727789
0.0995 0.00499999996028709  0.00500000003423387  0.0302608659101137
0.1 0.00499999995987037  0.0050000000346046  0.030222810650977
0.1005 0.00499999995945845  0.00500000003497091  0.0301847211987159
0.101 0.00499999995906471  0.00500000003532606  0.0301465782577633
0.1015 0.00499999995867602  0.00500000003567755  0.0301083767093158
0.102 0.00499999995828723  0.00500000003602749  0.0300701224952984
0.1025 0.00499999995790798  0.00500000003637043  0.0300317948052652
0.103 0.00499999995752829  0.00500000003671035  0.0299933652755537
0.1035 0.00499999995710788  0.00500000003708131  0.0299548755456825
0.104 0.00499999995675115  0.00500000003740064  0.0299163145111674
0.1045 0.0049999999563534  0.00500000003775662  0.0298777199715258
0.105 0.00499999995597365  0.00500000003809781  0.029839092250228
0.1055 0.00499999995560906  0.00500000003842827  0.0298004129452856
0.106 0.004999999955251  0.00500000003875219  0.0297616835466503
0.1065 0.0049999999548844  0.00500000003908301  0.0297229060839201
0.107 0.00499999995455058  0.00500000003938519  0.0296840383747373
0.1075 0.00499999995419727  0.00500000003970428  0.0296450879922538
0.108 0.00499999995384289  0.00500000004002168  0.0296060842085578
0.1085 0.00499999995349699  0.00500000004033512  0.029567024846068
0.109 0.00499999995314682  0.00500000004065265  0.0295279445103607
0.1095 0.00499999995281723  0.00500000004095404  0.0294888277678775
0.11 0.00499999995250032  0.00500000004124321  0.0294496627613852
0.1105 0.00499999995218601  0.0050000000415301  0.0294104558194762
0.111 0.00499999995186126  0.00500000004182637  0.0293711951994375
0.1115 0.00499999995157941  0.00500000004208213  0.0293318380062451
0.112 0.0049999999512488  0.00500000004238062  0.0292924258473629
0.1125 0.00499999995096393  0.00500000004263429  0.0292529555059615
0.113 0.00499999995064704  0.00500000004291766  0.0292134586018377
0.1135 0.00499999995035234  0.00500000004318075  0.0291739409163375
0.114 0.0049999999500752  0.00500000004342855  0.0291343821761503
0.1145 0.00499999994980569  0.00500000004366989  0.029094783233025
0.115 0.00499999994952569  0.00500000004391942  0.0290551459537508
0.1155 0.00499999994928166  0.0050000000441365  0.0290154280139121
0.116 0.00499999994901119  0.00500000004437294  0.0289756388178967
0.1165 0.00499999994874662  0.00500000004460314  0.0289358040318609
0.117 0.00499999994848411  0.00500000004483354  0.028895927123072
0.1175 0.00499999994822282  0.00500000004506293  0.0288560390121534
0.118 0.00499999994798494  0.00500000004527296  0.0288161212937339
0.1185 0.00499999994775839  0.0050000000454723  0.0287761640802608
0.119 0.00499999994753362  0.00500000004566955  0.0287361739100672
0.1195 0.00499999994731932  0.00500000004585685  0.0286961282637
0.12 0.00499999994711272  0.00500000004603592  0.0286559984345004
0.1205 0.00499999994683593  0.00500000004627367  0.0286158294106576
0.121 0.00499999994667131  0.00500000004641062  0.0285756089356592
0.1215 0.00499999994644925  0.00500000004659665  0.0285353794641108
0.122 0.00499999994624899  0.00500000004676554  0.0284951314207238
0.1225 0.00499999994606674  0.0050000000469193  0.0284548480154651
0.123 0.00499999994588758  0.00500000004706877  0.0284145343718685
0.1235 0.00499999994569207  0.00500000004723219  0.0283741831708222
0.124 0.00499999994555122  0.00500000004734476  0.0283337459593495
0.1245 0.00499999994535511  0.00500000004750505  0.0282932629519727
0.125 0.0049999999452117  0.00500000004761415  0.028252733381349
0.1255 0.00499999994502811  0.00500000004775829  0.0282121895478611
0.126 0.0049999999448728  0.00500000004787792  0.0281716362876941
0.1265 0.00499999994474049  0.00500000004797929  0.0281310531967802
0.127 0.00499999994461068  0.00500000004807697  0.0280904418106503
0.1275 0.00499999994447286  0.00500000004818104  0.0280498025425675
0.128 0.00499999994437822  0.00500000004824465  0.0280090850047251
0.1285 0.00499999994424441  0.00500000004834208  0.0279683144549207
0.129 0.00499999994413632  0.00500000004841244  0.0279275052551888
0.1295 0.00499999994400959  0.00500000004849915  0.0278866742223521
0.13 0.0049999999438959  0.00500000004857388  0.0278458414257868
0.1305 0.00499999994381198  0.00500000004862755  0.0278049841120653
0.131 0.0049999999437347  0.00500000004867296  0.0277640998858806
0.1315 0.00499999994364788  0.00500000004872736  0.0277231923416974
0.132 0.00499999994359908  0.00500000004874877  0.027682217253872
0.1325 0.00499999994352539  0.00500000004879189  0.0276411817893658
0.133 0.00499999994345841  0.00500000004882764  0.0276001144045475
0.1335 0.00499999994338499  0.0050000000488707  0.0275590205257568
0.134 0.00499999994331482  0.00500000004891269  0.0275179295067069
0.1345 0.00499999994327502  0.00500000004893356  0.0274768193366385
0.135 0.00499999994324261  0.00500000004894809  0.0274356841473003
0.1355 0.00499999994320483  0.00500000004896806  0.027394528315678
0.136 0.00499999994319721  0.00500000004896292  0.0273533169011554
0.1365 0.004999999943178  0.00500000004897084  0.0273120414652936
0.137 0.00499999994316311  0.00500000004897332  0.0272707374008189
0.1375 0.00499999994314605  0.00500000004898086  0.0272294050585167
0.138 0.00499999994313207  0.00500000004899062  0.0271880787482983
0.1385 0.00499999994315266  0.00500000004897858  0.0271467379493694
0.139 0.00499999994319025  0.00500000004895725  0.02710537376111
0.1395 0.00499999994323008  0.00500000004893577  0.0270639917352122
0.14 0.00499999994330211  0.00500000004888827  0.0270225605212878
0.1405 0.00499999994336124  0.00500000004885268  0.0269810656973452
0.141 0.00499999994343269  0.00500000004880824  0.0269395434019108
0.1415 0.00499999994351406  0.00500000004875692  0.0268979932363896
0.142 0.00499999994360658  0.00500000004869841  0.0268564516045868
0.1425 0.00499999994374231  0.00500000004860643  0.0268148991974793
0.143 0.0049999999439035  0.00500000004849579  0.0267733256119469
0.1435 0.00499999994407141  0.00500000004837936  0.0267317363308995
0.144 0.0049999999442721  0.00500000004823322  0.026690100653718
0.1445 0.00499999994446766  0.00500000004809332  0.0266484017383607
0.145 0.00499999994468676  0.00500000004793087  0.0266066770965803
0.1455 0.00499999994490976  0.0050000000477642  0.0265649249919127
0.146 0.00499999994514638  0.00500000004758784  0.0265231830146976
0.1465 0.00499999994542656  0.00500000004737437  0.0264814325570956
0.147 0.00499999994573218  0.00500000004713807  0.0264396630079147
0.1475 0.00499999994604525  0.00500000004689248  0.0263978798227457
0.148 0.00499999994639362  0.0050000000466105  0.0263560522698121
0.1485 0.00499999994672958  0.00500000004633488  0.0263141646325184
0.149 0.00499999994707961  0.00500000004604318  0.0262722534309958
0.1495 0.00499999994744774  0.00500000004573386  0.0262303190194666
0.15 0.00499999994783198  0.00500000004540566  0.0261883973650705
0.1505 0.00499999994826135  0.00500000004503714  0.0261464677068689
0.151 0.00499999994871507  0.00500000004464546  0.0261045207205734
0.1515 0.00499999994917439  0.00500000004424284  0.026062561825921
0.152 0.00499999994967124  0.00500000004380426  0.0260205573984163
0.1525 0.00499999995016244  0.00500000004336615  0.0259784957591219
0.153 0.00499999995066415  0.00500000004291311  0.0259364133527453
0.1535 0.00499999995118515  0.00500000004244118  0.0258943114631263
0.154 0.00499999995172114  0.00500000004195059  0.0258522239159076
0.1545 0.00499999995229892  0.00500000004142127  0.0258101288666366
0.155 0.00499999995289865  0.0050000000408701  0.0257680187414345
0.1555 0.00499999995349975  0.0050000000403127  0.0257258979193637
0.156 0.00499999995414662  0.00500000003971095  0.0256837286040612
0.1565 0.00499999995477243  0.00500000003912194  0.0256415076568243
0.157 0.00499999995541311  0.00500000003851226  0.0255992666005202
0.1575 0.00499999995606581  0.00500000003788978  0.0255570118040341
0.158 0.00499999995673461  0.00500000003724725  0.0255147723133395
0.1585 0.00499999995744202  0.00500000003656943  0.0254725245413952
0.159 0.00499999995816705  0.00500000003587478  0.0254302640876938
0.1595 0.00499999995888826  0.00500000003517807  0.0253879943564073
0.16 0.0049999999596475  0.00500000003444319  0.0253456699061551
0.1605 0.00499999996038792  0.00500000003372053  0.0253033014915667
0.161 0.00499999996114405  0.00500000003297772  0.0252609141198719
0.1615 0.00499999996190866  0.00500000003222513  0.0252185181715309
0.162 0.00499999996268973  0.00500000003145306  0.0251761383457035
0.1625 0.00499999996350141  0.00500000003065283  0.0251337491504509
0.163 0.00499999996432405  0.00500000002984137  0.0250913497190616
0.1635 0.00499999996514314  0.00500000002902886  0.0250489412119003
0.164 0.0049999999659907  0.00500000002818755  0.0250064701590763
0.1645 0.00499999996681571  0.00500000002736046  0.0249639648612903
0.165 0.00499999996767323  0.0050000000264999  0.0249214363556017
0.1655 0.00499999996851567  0.0050000000256484  0.0248789124882883
0.166 0.00499999996938304  0.00500000002477306  0.0248364008827607
0.1665 0.00499999997027029  0.00500000002387958  0.0247938796000234
0.167 0.00499999997116381  0.00500000002297903  0.0247513502697972
0.1675 0.00499999997205132  0.00500000002208043  0.0247088087622633
0.168 0.00499999997296606  0.00500000002115559  0.0246662028758995
0.1685 0.00499999997384949  0.00500000002025245  0.0246235724615554
0.169 0.00499999997476309  0.00500000001932172  0.0245809193135176
0.1695 0.00499999997567037  0.00500000001839467  0.0245382793567048
0.17 0.00499999997659491  0.00500000001745317  0.0244956485289382
0.1705 0.00499999997753262  0.0050000000165013  0.0244530077448858
0.171 0.00499999997847166  0.00500000001554572  0.0244103611322747
0.1715 0.00499999997939971  0.00500000001459513  0.0243676958103718
0.172 0.00499999998034702  0.00500000001362576  0.0243249668488069
0.1725 0.00499999998126206  0.00500000001267749  0.0242822227089725
0.173 0.00499999998221288  0.00500000001170441  0.0242394541249605
0.1735 0.00499999998314531  0.00500000001074136  0.0241967051309663
0.174 0.00499999998408696  0.00500000000977197  0.024153961563
0.1745 0.0049999999850334  0.00500000000879903  0.0241112079735177
0.175 0.00499999998597635  0.00500000000782585  0.0240684502851745
0.1755 0.00499999998692028  0.00500000000685118  0.0240256620785159
0.176 0.00499999998785377  0.00500000000588022  0.023982819535164
0.1765 0.00499999998878081  0.00500000000491106  0.0239399627474873
0.177 0.00499999998971098  0.00500000000394144  0.023897092225729
0.1775 0.00499999999063802  0.00500000000297538  0.0238542439177536
0.178 0.00499999999156816  0.00500000000200953  0.0238113963782664
0.1785 0.00499999999249737  0.00500000000104499  0.0237685409674273
0.179 0.00499999999341937  0.00500000000008309  0.023725681870212
0.1795 0.00499999999433956  0.00499999999912485  0.0236827805235483
0.18 0.00499999999524841  0.00499999999816984  0.0236398342374569
0.1805 0.00499999999615127  0.00499999999721797  0.0235968731132281
0.181 0.00499999999704594  0.00499999999626997  0.0235539075022871
0.1815 0.00499999999793455  0.00499999999532744  0.0235109639061243
0.182 0.00499999999881976  0.00499999999439241  0.0234680166603324
0.1825 0.00499999999969988  0.00499999999346258  0.0234250642681893
0.183 0.00500000000057167  0.00499999999253632  0.0233821080622573
0.1835 0.00500000000143343  0.00499999999162032  0.0233390936609447
0.184 0.00500000000228757  0.00499999999070426  0.0232960501561227
0.1845 0.00500000000313071  0.00499999998980174  0.0232529882236942
0.185 0.00500000000396509  0.00499999998890251  0.023209937418768
0.1855 0.00500000000478954  0.00499999998801706  0.0231669025439113
0.186 0.00500000000560496  0.00499999998714341  0.0231238622492533
0.1865 0.00500000000641249  0.00499999998627694  0.023080819101526
0.187 0.00500000000721182  0.00499999998541437  0.0230377649856951
0.1875 0.00500000000799255  0.00499999998457005  0.0229946497261222
0.188 0.00500000000877222  0.00499999998371743  0.0229515193721055
0.1885 0.00500000000952701  0.00499999998289457  0.0229083665412742
0.189 0.00500000001027659  0.00499999998207036  0.0228652365773924
0.1895 0.00500000001101  0.00499999998126554  0.0228221168384673
0.19 0.00500000001173121  0.00499999998047585  0.0227789906877442
0.1905 0.00500000001244269  0.00499999997969384  0.0227358637863907
0.191 0.0050000000131357  0.00499999997893107  0.0226927106880787
0.1915 0.00500000001382241  0.00499999997816575  0.0226495057654934
0.192 0.00500000001450177  0.00499999997740475  0.0226062895198794
0.1925 0.0050000000151595  0.00499999997667037  0.0225630630631153
0.193 0.00500000001580583  0.00499999997594762  0.0225198620667314
0.1935 0.00500000001643204  0.00499999997524973  0.0224766644910879
0.194 0.00500000001704461  0.0049999999745666  0.0224334619485132
0.1945 0.00500000001764912  0.00499999997388693  0.0223902586778433
0.195 0.00500000001822662  0.00499999997323843  0.0223470144183079
0.1955 0.00500000001880521  0.00499999997258196  0.0223037311986852
0.196 0.00500000001936509  0.00499999997194432  0.0222604365082699
0.1965 0.00500000001991456  0.00499999997131704  0.0222171451563448
0.197 0.00500000002044204  0.00499999997071592  0.0221738766227461
0.1975 0.00500000002094748  0.00499999997014144  0.0221306060266482
0.198 0.00500000002144046  0.00499999996957906  0.0220873337210017
0.1985 0.00500000002192628  0.00499999996901978  0.0220440574319076
0.199 0.00500000002237667  0.00499999996849985  0.0220007252168567
0.1995 0.00500000002284334  0.00499999996795188  0.0219573728019872
0.2 0.00500000002327032  0.00499999996745244  0.021914003935174
0.2005 0.00500000002369569  0.00499999996695159  0.0218706547314696
0.201 0.00500000002409387  0.0049999999664829  0.0218273206043071
0.2015 0.00500000002447037  0.00499999996604016  0.0217839821415665
0.202 0.00500000002483409  0.00499999996560897  0.0217406442711182
0.2025 0.00500000002518069  0.00499999996519412  0.0216972898139066
0.203 0.00500000002551127  0.00499999996479235  0.0216538801864378
0.2035 0.00500000002584768  0.00499999996437842  0.0216104619919054
0.204 0.0050000000261416  0.00499999996401733  0.0215670296557383
0.2045 0.00500000002642888  0.00499999996366072  0.0215236249418785
0.205 0.00500000002668693  0.00499999996333971  0.0214802279190369
0.2055 0.00500000002692623  0.00499999996303984  0.0214368268578498
0.206 0.005000000027157  0.00499999996274641  0.0213934270143556
0.2065 0.00500000002735789  0.00499999996248441  0.0213499906410968
0.207 0.00500000002755633  0.00499999996221725  0.0213065128459889
0.2075 0.00500000002773133  0.00499999996197522  0.0212630242985693
0.208 0.00500000002789417  0.00499999996174393  0.0212195359830949
0.2085 0.00500000002803404  0.00499999996153428  0.0211760740327136
0.209 0.00500000002814199  0.0049999999613633  0.0211326121695458
0.2095 0.00500000002823516  0.00499999996120923  0.0210891494474914
0.21 0.00500000002832327  0.00499999996105599  0.0210456853807585
0.2105 0.00500000002837457  0.00499999996094243  0.0210021660490226
0.211 0.00500000002843908  0.00499999996080528  0.0209586253197873
0.2115 0.0050000000284591  0.00499999996071976  0.0209150688950235
0.212 0.00500000002847758  0.00499999996062999  0.0208715319074415
0.2125 0.00500000002846693  0.00499999996057649  0.0208280122513262
0.213 0.00500000002843296  0.00499999996055051  0.0207844900447958
0.2135 0.00500000002838648  0.00499999996053607  0.0207409699151125
0.214 0.00500000002832271  0.00499999996053903  0.0206974350942345
0.2145 0.00500000002824747  0.00499999996055268  0.0206538462816027
0.215 0.00500000002818342  0.00499999996054553  0.0206102501626128
0.2155 0.00500000002807135  0.00499999996060268  0.0205666415615276
0.216 0.00500000002795562  0.00499999996066023  0.0205230620830166
0.2165 0.00500000002781052  0.00499999996075428  0.0204794914284661
0.217 0.00500000002764756  0.00499999996086922  0.0204359179876182
0.2175 0.00500000002747795  0.00499999996098828  0.0203923470585895
0.218 0.00500000002727503  0.00499999996114488  0.0203487395459253
0.2185 0.00500000002707775  0.00499999996128683  0.0203050926073334
0.219 0.00500000002686009  0.0049999999614483  0.0202614368288632
0.2195 0.00500000002662926  0.00499999996162217  0.0202177837646955
0.22 0.00500000002637573  0.00499999996182214  0.0201741577787927
0.2205 0.00500000002609776  0.00499999996205293  0.0201305326159496
0.221 0.00500000002580853  0.00499999996229518  0.0200869085108833
0.2215 0.00500000002551728  0.00499999996253625  0.0200432828556823
0.222 0.00500000002519124  0.00499999996281695  0.0199996029258705
0.2225 0.0050000000248852  0.00499999996306538  0.0199559063129382
0.223 0.00500000002453097  0.00499999996337851  0.0199121928487982
0.2235 0.00500000002418704  0.0049999999636721  0.0198685034843148
0.224 0.00500000002381619  0.00499999996399986  0.0198248305440245
0.2245 0.00500000002342728  0.00499999996435113  0.0197811560613775
0.225 0.0050000000230305  0.00499999996470974  0.0197374850808378
0.2255 0.00500000002262259  0.00499999996507875  0.0196937950447389
0.226 0.00500000002219849  0.00499999996545893  0.0196500524620041
0.2265 0.00500000002177411  0.00499999996583372  0.0196063030247162
0.227 0.00500000002133117  0.00499999996623576  0.0195625475036047
0.2275 0.0050000000208789  0.00499999996664648  0.019518821931033
0.228 0.00500000002040491  0.00499999996708668  0.019475103565993
0.2285 0.00500000001991774  0.00499999996754262  0.0194313842353541
0.229 0.00500000001942857  0.00499999996799607  0.0193876685996626
0.2295 0.00500000001891776  0.00499999996847911  0.0193439095362094
0.23 0.00500000001841153  0.00499999996894739  0.0193001187449136
0.2305 0.00500000001788751  0.00499999996943522  0.0192563185400613
0.231 0.00500000001736183  0.00499999996992159  0.0192125289804358
0.2315 0.00500000001682008  0.00499999997042956  0.0191687640573989
0.232 0.00500000001626424  0.0049999999709582  0.019124999701443
0.2325 0.0050000000157012  0.0049999999714935  0.0190812377939061
0.233 0.00500000001513705  0.00499999997202607  0.019037470993342
0.2335 0.00500000001455176  0.00499999997258515  0.018993647922422
0.234 0.00500000001397974  0.00499999997311335  0.0189498155486641
0.2345 0.00500000001337954  0.00499999997368898  0.0189059671107825
0.235 0.00500000001278272  0.00499999997425282  0.0188621479722935
0.2355 0.00500000001217263  0.00499999997483708  0.0188183429520792
0.236 0.00500000001155375  0.00499999997543374  0.018774537016826
0.2365 0.00500000001093178  0.00499999997603184  0.0187307357092951
0.237 0.00500000001029992  0.0049999999766447  0.0186869067416075
0.2375 0.00500000000966845  0.00499999997725106  0.018643034461946
0.238 0.00500000000903113  0.00499999997786113  0.0185991550669753
0.2385 0.00500000000838762  0.00499999997847817  0.0185552763586244
0.239 0.00500000000773863  0.00499999997910341  0.0185114273036129
0.2395 0.00500000000708164  0.00499999997974584  0.0184675821740894
0.24 0.00500000000642058  0.0049999999803927  0.0184237391076422
0.2405 0.00500000000575904  0.00499999998103732  0.0183798983160068
0.241 0.00500000000508957  0.00499999998169568  0.018336005823717
0.2415 0.00500000000442305  0.00499999998233776  0.0182920937933989
0.242 0.00500000000374817  0.0049999999829985  0.018248168850948
0.2425 0.00500000000307436  0.00499999998365276  0.0182042662999814
0.243 0.00500000000239679  0.00499999998431847  0.0181603836236357
0.2435 0.0050000000017165  0.00499999998499252  0.0181165008786584
0.244 0.00500000000103503  0.00499999998566705  0.0180726229635646
0.2445 0.00500000000035268  0.00499999998634272  0.0180287301809032
0.245 0.00499999999966835  0.0049999999870172  0.0179847859456387
0.2455 0.00499999999898355  0.00499999998768829  0.0179408355032587
0.246 0.00499999999829888  0.00499999998835932  0.017896878191151
0.2465 0.00499999999761519  0.00499999998903161  0.0178529519552469
0.247 0.00499999999693274  0.00499999998970999  0.0178090348980224
0.2475 0.0049999999962505  0.0049999999903904  0.0177651184074702
0.248 0.00499999999556832  0.00499999999106757  0.0177212071623235
0.2485 0.00499999999488924  0.00499999999174708  0.0176772541728274
0.249 0.00499999999420785  0.00499999999241803  0.0176332706309203
0.2495 0.0049999999935302  0.00499999999308963  0.0175892782478748
0.25 0.00499999999285392  0.00499999999375723  0.017545301556992
0.2505 0.0049999999921834  0.00499999999442621  0.0175013497796805
0.251 0.00499999999151778  0.00499999999509694  0.0174573995795441
0.2515 0.00499999999085433  0.00499999999576608  0.0174134532326565
0.252 0.0049999999901904  0.00499999999643005  0.017369502108408
0.2525 0.00499999998953665  0.0049999999970926  0.0173254950906941
0.253 0.00499999998886853  0.00499999999774583  0.0172814811730663
0.2535 0.0049999999882296  0.00499999999840134  0.0172374544738377
0.254 0.00499999998758387  0.00499999999904978  0.0171934596822691
0.2545 0.00499999998694846  0.0049999999996957  0.0171494790942911
0.255 0.00499999998631968  0.00500000000033922  0.0171054990291698
0.2555 0.00499999998569245  0.00500000000097885  0.0170615246589512
0.256 0.00499999998507759  0.00500000000161173  0.0170175207120922
0.2565 0.00499999998445862  0.00500000000224061  0.0169734785727857
0.257 0.0049999999838491  0.00500000000286362  0.0169294292921411
0.2575 0.00499999998324359  0.00500000000348157  0.0168853844755786
0.258 0.00499999998264758  0.00500000000409198  0.0168413699090862
0.2585 0.00499999998206608  0.005000000004696  0.0167973591162785
0.259 0.00499999998148917  0.00500000000529514  0.0167533521040102
0.2595 0.00499999998091316  0.0050000000058897  0.0167093462118283
0.26 0.00499999998035413  0.00500000000647105  0.0166652865898303
0.2605 0.004999999979778  0.00500000000705373  0.016621213834439
0.261 0.00499999997923906  0.0050000000076174  0.016577127427545
0.2615 0.00499999997869168  0.00500000000817847  0.0165330688018976
0.262 0.00499999997816287  0.00500000000872909  0.0164890282881545
0.2625 0.00499999997764685  0.00500000000927099  0.0164449883705285
0.263 0.00499999997713504  0.00500000000980739  0.0164009546113894
0.2635 0.0049999999766394  0.00500000001033056  0.0163568990657221
0.264 0.00499999997613923  0.00500000001084893  0.0163127986132194
0.2645 0.00499999997564464  0.00500000001135923  0.0162686931905936
0.265 0.00499999997516351  0.00500000001186006  0.0162245880145146
0.2655 0.00499999997469253  0.00500000001235039  0.016180514723322
0.266 0.0049999999742464  0.00500000001282483  0.0161364484379351
0.2665 0.00499999997380884  0.00500000001329251  0.0160923854747784
0.267 0.00499999997337125  0.00500000001375562  0.0160483275089843
0.2675 0.00499999997295877  0.00500000001419939  0.0160042213811177
0.268 0.00499999997252762  0.00500000001464885  0.0159600953624945
0.2685 0.00499999997213276  0.00500000001507368  0.015915957244632
0.269 0.00499999997173094  0.00500000001549745  0.0158718421137999
0.2695 0.00499999997135198  0.00500000001590257  0.0158277487058091
0.27 0.00499999997099113  0.00500000001629423  0.015783656646861
0.2705 0.00499999997063661  0.00500000001667879  0.0157395707209253
0.271 0.00499999997029438  0.00500000001705018  0.0156954715834689
0.2715 0.00499999996995973  0.00500000001741061  0.0156513221180623
0.272 0.00499999996962515  0.00500000001776284  0.0156071677316544
0.2725 0.00499999996930143  0.0050000000181036  0.0155630081275824
0.273 0.0049999999689862  0.00500000001843053  0.0155188809949023
0.2735 0.00499999996869761  0.00500000001873829  0.0154747640876014
0.274 0.00499999996842256  0.0050000000190339  0.0154306489946466
0.2745 0.00499999996814505  0.00500000001932725  0.0153865402346403
0.275 0.00499999996789627  0.00500000001959584  0.0153423887025016
0.2755 0.00499999996763376  0.00500000001986677  0.0152982092165617
0.276 0.00499999996740477  0.00500000002010904  0.0152540190215671
0.2765 0.0049999999671639  0.00500000002035426  0.0152098475369637
0.277 0.00499999996695339  0.00500000002057596  0.0151657009087864
0.2775 0.00499999996676482  0.0050000000207804  0.0151215567324921
0.278 0.00499999996658396  0.00500000002097651  0.0150774182368016
0.2785 0.00499999996640885  0.00500000002116394  0.0150332739935778
0.279 0.00499999996625715  0.00500000002132889  0.0149890746767567
0.2795 0.00499999996608569  0.00500000002149687  0.0149448723743031
0.28 0.00499999996594638  0.00500000002164173  0.0149006587127247
0.2805 0.00499999996580486  0.00500000002177882  0.0148564789292203
0.281 0.00499999996569243  0.00500000002189353  0.0148123125038108
0.2815 0.00499999996559588  0.00500000002199468  0.0147681474704296
0.282 0.00499999996549863  0.00500000002209257  0.0147239891864107
0.2825 0.00499999996543458  0.00500000002216291  0.0146797973351785
0.283 0.00499999996535141  0.00500000002224074  0.0146355727709318
0.2835 0.00499999996529326  0.00500000002229769  0.0145913407353721
0.284 0.00499999996523808  0.00500000002234941  0.0145471209712174
0.2845 0.00499999996520878  0.00500000002237834  0.0145029294777859
0.285 0.00499999996520385  0.00500000002238822  0.0144587416784546
0.2855 0.00499999996520761  0.00500000002238834  0.0144145590654929
0.286 0.00499999996520942  0.00500000002238448  0.0143703743144862
0.2865 0.00499999996524748  0.00500000002234833  0.0143261355308228
0.287 0.00499999996524101  0.00500000002233476  0.0142818906138228
0.2875 0.00499999996531265  0.0050000000222659  0.0142376341373979
0.288 0.00499999996536526  0.00500000002220365  0.0141934111585033
0.2885 0.0049999999654489  0.00500000002211689  0.0141492039742143
0.289 0.00499999996555174  0.00500000002201286  0.0141049987945262
0.2895 0.00499999996565668  0.00500000002190253  0.0140608007902998
0.29 0.00499999996578747  0.00500000002176808  0.014016573304388
0.2905 0.00499999996591303  0.00500000002163012  0.0139723095389056
0.291 0.00499999996605771  0.00500000002147179  0.0139280404948585
0.2915 0.00499999996621437  0.00500000002129657  0.0138837782585911
0.292 0.00499999996639317  0.00500000002109234  0.0138395472054822
0.2925 0.00499999996659947  0.00500000002085976  0.0137953205872433
0.293 0.00499999996681615  0.00500000002060953  0.0137510991687596
0.2935 0.00499999996702909  0.00500000002034965  0.0137068783730212
0.294 0.00499999996728282  0.00500000002004663  0.0136626034709204
0.2945 0.00499999996751092  0.00500000001974359  0.0136183194221106
0.295 0.00499999996780371  0.00500000001938334  0.0135740207510244
0.2955 0.00499999996810003  0.00500000001900155  0.0135297541341248
0.296 0.0049999999684385  0.0050000000185739  0.013485505124037
0.2965 0.00499999996880535  0.00500000001811271  0.0134412582345515
0.297 0.00499999996918425  0.00500000001763005  0.0133970189118806
0.2975 0.00499999996959301  0.00500000001711332  0.0133527541237862
0.298 0.00499999997000816  0.00500000001657672  0.0133084489811914
0.2985 0.0049999999704432  0.00500000001600941  0.0132641401695105
0.299 0.00499999997091599  0.00500000001540246  0.0132198372292208
0.2995 0.00499999997142643  0.00500000001475485  0.0131755666364545
0.3 0.00499999997198903  0.00500000001406116  0.0131313018608983
0.3005 0.00499999997257613  0.00500000001334088  0.013087042352564
0.301 0.00499999997317802  0.00500000001260024  0.0130427857228309
0.3015 0.00499999997381821  0.00500000001182346  0.0129984768425125
0.302 0.00499999997445028  0.0050000000110311  0.0129541563019281
0.3025 0.00499999997515331  0.00500000001018808  0.0129098237463577
0.303 0.00499999997587118  0.00500000000931455  0.0128655210158989
0.3035 0.00499999997663714  0.00500000000839701  0.012821237677735
0.304 0.00499999997743954  0.00500000000744797  0.0127769562826941
0.3045 0.00499999997826208  0.00500000000647863  0.0127326827000914
0.305 0.00499999997911212  0.00500000000548713  0.0126883878762283
0.3055 0.00499999997997446  0.00500000000447642  0.0126440515310583
0.306 0.00499999998086312  0.00500000000344129  0.0125997102233419
0.3065 0.00499999998178472  0.00500000000237545  0.0125553720142594
0.307 0.0049999999827411  0.0050000000012739  0.0125110665658791
0.3075 0.00499999998373784  0.00500000000014343  0.0124667677861919
0.308 0.00499999998475734  0.00499999999899262  0.0124224739407719
0.3085 0.00499999998578844  0.00499999999782831  0.012378184447611
0.309 0.00499999998684306  0.00499999999664733  0.0123338439332964
0.3095 0.00499999998790165  0.00499999999544434  0.0122894885499423
0.31 0.00499999998899925  0.00499999999422517  0.0122451204423842
0.3105 0.00499999999011557  0.00499999999297489  0.0122007812670413
0.311 0.00499999999126506  0.00499999999170203  0.0121564627021023
0.3115 0.00499999999243992  0.00499999999041217  0.0121121466649326
0.312 0.00499999999362797  0.00499999998911026  0.0120678385738471
0.3125 0.00499999999482834  0.00499999998780422  0.0120235107078691
0.313 0.00499999999603943  0.00499999998648058  0.0119791393943005
0.3135 0.00499999999726254  0.00499999998513998  0.0119347647579385
0.314 0.00499999999850871  0.00499999998378562  0.0118903925662635
0.3145 0.00499999999977746  0.00499999998241207  0.0118460537084971
0.315 0.00500000000106801  0.00499999998103077  0.0118017223668051
0.3155 0.0050000000023721  0.00499999997963817  0.0117573960757139
0.316 0.00500000000368364  0.00499999997823629  0.0117130752847303
0.3165 0.00500000000499774  0.0049999999768437  0.0116687053923606
0.317 0.00500000000632605  0.00499999997542003  0.0116243192621508
0.3175 0.00500000000765987  0.00499999997401142  0.0115799240766949
0.318 0.00500000000901527  0.00499999997257267  0.0115355565138186
0.3185 0.00500000001038409  0.00499999997113338  0.0114912108253514
0.319 0.00500000001176238  0.00499999996969379  0.0114468680031471
0.3195 0.00500000001314758  0.0049999999682479  0.0114025332174292
0.32 0.00500000001452903  0.00499999996681154  0.0113581803690886
0.3205 0.0050000000159176  0.00499999996536213  0.0113137835438229
0.321 0.00500000001730825  0.00499999996391177  0.0112693828215099
0.3215 0.00500000001871089  0.00499999996245201  0.0112249818987156
0.322 0.00500000002012402  0.00499999996098233  0.0111806149331732
0.3225 0.00500000002153598  0.00499999995952901  0.0111362567361735
0.323 0.00500000002295259  0.00499999995807335  0.0110919035391246
0.3235 0.00500000002437395  0.00499999995660857  0.011047556804935
0.324 0.00500000002577673  0.00499999995517625  0.0110031624844377
0.3245 0.00500000002720362  0.00499999995370462  0.0109587508498521
0.325 0.00500000002860555  0.00499999995227831  0.0109143292305871
0.3255 0.00500000003002877  0.0049999999508241  0.0108699335891202
0.326 0.00500000003144618  0.00499999994938752  0.0108255606244268
0.3265 0.0050000000328579  0.00499999994796514  0.0107811903721266
0.327 0.00500000003426818  0.00499999994654424  0.0107368281631028
0.3275 0.00500000003565642  0.00499999994515387  0.0106924500195552
0.328 0.0050000000370609  0.00499999994373856  0.0106480282584821
0.3285 0.0050000000384563  0.00499999994233609  0.0106036018544992
0.329 0.00500000003984826  0.00499999994094192  0.0105591747341583
0.3295 0.00500000004124192  0.00499999993954798  0.010514781845252
0.33 0.00500000004261415  0.00499999993819019  0.0104703981546083
0.3305 0.00500000004397886  0.00499999993684387  0.0104260186500911
0.331 0.00500000004534707  0.00499999993548847  0.0103816463840996
0.3315 0.00500000004667402  0.00499999993418806  0.0103372276708048
0.332 0.00500000004803976  0.00499999993283179  0.0102927910066336
0.3325 0.00500000004935106  0.00499999993154942  0.0102483443049117
0.333 0.0050000000506875  0.00499999993023403  0.0102039231932593
0.3335 0.00500000005199935  0.00499999992895462  0.0101595252133386
0.334 0.00500000005329082  0.00499999992770413  0.0101151302236153
0.3345 0.00500000005457469  0.00499999992646104  0.010070743373101
0.335 0.00500000005580903  0.00499999992527952  0.010026341656106
0.3355 0.00500000005708841  0.0049999999240354  0.00998189613349762
0.336 0.00500000005834057  0.00499999992282432  0.00993744585432961
0.3365 0.00500000005958189  0.0049999999216283  0.00989299448878494
0.337 0.00500000006081446  0.00499999992044004  0.00984857755553512
0.3375 0.00500000006200649  0.00499999991930621  0.00980417013002211
0.338 0.0050000000631812  0.00499999991819294  0.00975976701862628
0.3385 0.00500000006435941  0.00499999991707044  0.00971537142647948
0.339 0.00500000006547624  0.00499999991602243  0.00967092993829033
0.3395 0.00500000006665038  0.00499999991489841  0.00962647023272232
0.34 0.00500000006774555  0.0049999999138721  0.00958200049616414
0.3405 0.00500000006887122  0.00499999991280557  0.00953755625661519
0.341 0.0050000000699547  0.00499999991179011  0.00949313544498091
0.3415 0.00500000007100522  0.00499999991081464  0.00944871779666603
0.342 0.00500000007204367  0.0049999999098505  0.00940430839100006
0.3425 0.0050000000730614  0.00499999990890758  0.00935988485803158
0.343 0.00500000007404837  0.00499999990799486  0.00931541291323209
0.3435 0.00500000007502322  0.00499999990708998  0.00927093700744579
0.344 0.00500000007598367  0.00499999990620188  0.00922645990895265
0.3445 0.00500000007692953  0.00499999990532657  0.0091820174820449
0.345 0.00500000007781956  0.00499999990451874  0.00913758479027191
0.3455 0.00500000007868532  0.00499999990373817  0.00909315658397046
0.346 0.00500000007955581  0.00499999990294671  0.00904873608277996
0.3465 0.00500000008034957  0.00499999990224364  0.00900426986903774
0.347 0.0050000000812142  0.00499999990145042  0.00895978557540886
0.3475 0.005000000081981  0.00499999990077253  0.008915291419464
0.348 0.00500000008278273  0.00499999990005089  0.00887082296276607
0.3485 0.00500000008353163  0.00499999989939109  0.00882637808299087
0.349 0.00500000008423908  0.00499999989877904  0.00878193652419341
0.3495 0.00500000008493242  0.00499999989817965  0.00873750338919424
0.35 0.00500000008554515  0.00499999989767196  0.00869305579947118
0.3505 0.00500000008623297  0.00499999989706953  0.00864856459418755
0.351 0.00500000008687572  0.00499999989651736  0.00860406887278142
0.3515 0.0050000000874955  0.00499999989599025  0.00855957234580184
0.352 0.00500000008809901  0.00499999989548248  0.00851511049538009
0.3525 0.00500000008863606  0.00499999989505101  0.0084706583397824
0.353 0.00500000008914518  0.00499999989464978  0.00842621072938752
0.3535 0.00500000008966071  0.00499999989423598  0.00838177079015707
0.354 0.00500000009009266  0.00499999989391536  0.00833728489725425
0.3545 0.00500000009059737  0.0049999998935054  0.0082927813215037
0.355 0.00500000009099222  0.00499999989322057  0.00824826809343576
0.3555 0.005000000091422  0.00499999989289183  0.00820378092843121
0.356 0.00500000009179405  0.0049999998926276  0.00815931724654339
0.3565 0.00500000009211973  0.00499999989241484  0.00811485692368253
0.357 0.00500000009243084  0.004999999892215  0.00807040516438771
0.3575 0.00500000009267701  0.00499999989208551  0.00802593834503432
0.358 0.00500000009296597  0.00499999989190239  0.00798142824424907
0.3585 0.00500000009322057  0.00499999989175452  0.00793691390220999
0.359 0.00500000009344763  0.00499999989163645  0.00789239930463425
0.3595 0.00500000009365718  0.00499999989153554  0.0078479194061515
0.36 0.00500000009379617  0.00499999989151339  0.00780344905483212
0.3605 0.00500000009390713  0.00499999989152065  0.00775898329952818
0.361 0.00500000009402719  0.00499999989151239  0.00771452506731809
0.3615 0.0050000000940634  0.00499999989159638  0.00767002021961227
0.362 0.00500000009417144  0.00499999989159391  0.0076254983835953
0.3625 0.00500000009416631  0.00499999989171726  0.00758096716565669
0.363 0.00500000009419616  0.00499999989179787  0.00753646262106822
0.3635 0.00500000009416769  0.00499999989194195  0.00749198140858557
0.364 0.00500000009409078  0.00499999989213873  0.00744750413052532
0.3645 0.00500000009400654  0.00499999989233998  0.00740303571809061
0.365 0.00500000009387402  0.00499999989259035  0.00735855112077881
0.3655 0.00500000009375643  0.00499999989281895  0.00731402361181837
0.366 0.00500000009360604  0.00499999989308107  0.0072694925785224
0.3665 0.0050000000934495  0.00499999989334656  0.00722496186171633
0.367 0.00500000009327305  0.00499999989362717  0.00718046580829034
0.3675 0.00500000009302297  0.00499999989398832  0.00713597909813279
0.368 0.00500000009275534  0.00499999989436604  0.00709149802965068
0.3685 0.00500000009249108  0.00499999989473501  0.00704702365151362
0.369 0.00500000009215935  0.00499999989517564  0.00700250110843989
0.3695 0.0050000000918927  0.00499999989553886  0.00695796254213999
0.37 0.00500000009151161  0.00499999989602791  0.00691341569612988
0.3705 0.0050000000911794  0.00499999989645895  0.00686889735968316
0.371 0.00500000009078749  0.00499999989695477  0.00682440193144638
0.3715 0.0050000000903484  0.00499999989750093  0.00677991029605027
0.372 0.00500000008990248  0.00499999989805059  0.00673542763692804
0.3725 0.00500000008939195  0.00499999989866745  0.00669092752506358
0.373 0.0050000000889156  0.00499999989924235  0.00664638430867792
0.3735 0.00500000008842581  0.00499999989982491  0.00660183842691184
0.374 0.00500000008791332  0.00499999990043091  0.0065572954293877
0.3745 0.00500000008738078  0.00499999990105555  0.00651278673028994
0.375 0.00500000008678583  0.0049999999017478  0.00646828641603409
0.3755 0.00500000008617357  0.00499999990245601  0.00642379197848458
0.376 0.00500000008556795  0.00499999990315223  0.00637930375590471
0.3765 0.0050000000848859  0.00499999990392909  0.00633476682668952
0.377 0.00500000008427964  0.00499999990461509  0.00629021515589915
0.3775 0.00500000008358039  0.00499999990540161  0.00624565569258184
0.378 0.00500000008291361  0.00499999990614909  0.00620112560695502
0.3785 0.00500000008219337  0.00499999990695338  0.00615661750671597
0.379 0.00500000008143982  0.00499999990779226  0.00611211314653126
0.3795 0.00500000008068337  0.00499999990863021  0.00606761793279131
0.38 0.00500000007987977  0.00499999990951607  0.00602310365384211
0.3805 0.00500000007910072  0.00499999991037031  0.00597854703744764
0.381 0.00500000007829758  0.00499999991124158  0.00593398565157655
0.3815 0.00500000007749129  0.00499999991211392  0.00588942765488561
0.382 0.00500000007666924  0.00499999991299837  0.00584490385127625
0.3825 0.00500000007579984  0.00499999991393455  0.00580038812581235
0.383 0.00500000007491977  0.00499999991487949  0.00575587853854153
0.3835 0.00500000007405135  0.00499999991580665  0.00571137461999918
0.384 0.00500000007312101  0.00499999991679813  0.00566682074022725
0.3845 0.005000000072259  0.00499999991770537  0.00562225361610214
0.385 0.00500000007128931  0.00499999991873055  0.00557767550533502
0.3855 0.00500000007038076  0.00499999991968107  0.00553312840781955
0.386 0.00500000006943465  0.00499999992067243  0.00548860316769639
0.3865 0.00500000006846412  0.00499999992168869  0.00544408193833664
0.387 0.00500000006749397  0.00499999992270113  0.00539957035594078
0.3875 0.00500000006648942  0.00499999992374877  0.00535503957788821
0.388 0.00500000006551355  0.00499999992476088  0.00531046872832398
0.3885 0.00500000006453119  0.00499999992577647  0.005265894578596
0.389 0.00500000006354421  0.00499999992679487  0.00522132543624437
0.3895 0.00500000006255243  0.0049999999278152  0.00517679049909116
0.39 0.00500000006152693  0.00499999992887267  0.00513226341783671
0.3905 0.00500000006049594  0.00499999992993397  0.00508774285414124
0.391 0.00500000005948352  0.00499999993097046  0.00504322742554993
0.3915 0.00500000005842007  0.00499999993206304  0.00499866334917655
0.392 0.00500000005743119  0.00499999993306633  0.00495408911179224
0.3925 0.00500000005635426  0.00499999993416886  0.00490950497395232
0.393 0.00500000005533157  0.00499999993520645  0.00486495335380177
0.3935 0.00500000005428691  0.00499999993626845  0.00482042358429633
0.394 0.00500000005322912  0.00499999993734339  0.00477589892049519
0.3945 0.00500000005217712  0.00499999993840903  0.00473138458057651
0.395 0.00500000005110804  0.00499999993949089  0.00468684849004687
0.3955 0.00500000005005546  0.00499999994055082  0.00464227350707237
0.396 0.00500000004900792  0.00499999994160437  0.00459769696780979
0.3965 0.0050000000479641  0.00499999994265092  0.00455312837078339
0.397 0.00500000004692025  0.00499999994369641  0.00450859425031816
0.3975 0.00500000004585933  0.00499999994476125  0.00446406796820103
0.398 0.00500000004480192  0.00499999994581983  0.0044195493809281
0.3985 0.0050000000437578  0.00499999994685821  0.00437503565327847
0.399 0.00500000004267622  0.00499999994793943  0.00433047202078182
0.3995 0.00500000004166831  0.00499999994892789  0.00428590089879364
0.4 0.00500000004059007  0.00499999995000142  0.0042413234089428
0.4005 0.00500000003956469  0.00499999995101062  0.00419678046312973
0.401 0.00500000003852885  0.00499999995203343  0.00415225970728122
0.4015 0.00500000003749044  0.00499999995305893  0.00410774541362511
0.402 0.00500000003646137  0.00499999995406974  0.00406324291279777
0.4025 0.00500000003541983  0.00499999995509367  0.00401871816659119
0.403 0.00500000003439716  0.00499999995609122  0.00397415695260391
0.4035 0.00500000003337158  0.00499999995708559  0.00392959352347104
0.404 0.00500000003236916  0.0049999999580534  0.00388503950695903
0.4045 0.00500000003137412  0.00499999995901447  0.00384052124979382
0.405 0.00500000003037738  0.00499999995997972  0.00379601192639961
0.4055 0.00500000002938842  0.00499999996093379  0.00375151196336449
0.406 0.00500000002841499  0.00499999996186572  0.00370701763639774
0.4065 0.0050000000274217  0.00499999996282255  0.00366247430373189
0.407 0.00500000002647013  0.00499999996371987  0.00361792755560406
0.4075 0.00500000002549714  0.00499999996464921  0.00357337310369012
0.408 0.00500000002456292  0.00499999996553022  0.00352885867591875
0.4085 0.00500000002363428  0.00499999996640854  0.00348437008845344
0.409 0.00500000002271221  0.0049999999672806  0.00343989196117732
0.4095 0.00500000002180178  0.00499999996813765  0.00339542972102002
0.41 0.00500000002088484  0.00499999996900377  0.00335094837650637
0.4105 0.00500000001999747  0.00499999996982923  0.00330643714723429
0.411 0.00500000001911856  0.00499999997064579  0.00326192808886262
0.4115 0.00500000001826271  0.00499999997143549  0.00321743263632847
0.412 0.00500000001742271  0.00499999997220926  0.00317297645996468
0.4125 0.00500000001659241  0.00499999997297653  0.00312853284118528
0.413 0.00500000001577363  0.00499999997373009  0.00308410262402312
0.4135 0.00500000001497036  0.00499999997446058  0.0030396823261656
0.414 0.00500000001416367  0.00499999997520243  0.00299522155453257
0.4145 0.00500000001339102  0.00499999997589308  0.00295076467484606
0.415 0.00500000001261885  0.00499999997659579  0.00290630887478973
0.4155 0.00500000001188102  0.00499999997725462  0.00286190332073763
0.416 0.00500000001115956  0.00499999997790061  0.00281753518113449
0.4165 0.00500000001045162  0.00499999997853358  0.00277318938096242
0.417 0.00500000000975662  0.00499999997914918  0.00272887105674655
0.4175 0.00500000000906842  0.00499999997975902  0.00268454349405909
0.418 0.00500000000839586  0.00499999998034493  0.00264019333943829
0.4185 0.00500000000773733  0.00499999998091545  0.00259585570931389
0.419 0.00500000000710436  0.00499999998145583  0.00255154076666019
0.4195 0.00500000000649528  0.00499999998197255  0.00250727584526555
0.42 0.00500000000590462  0.00499999998247493  0.00246303447785388
0.4205 0.00500000000532921  0.00499999998296006  0.00241881743770769
0.421 0.00500000000476693  0.0049999999834256  0.0023746255808856
0.4215 0.00500000000421357  0.00499999998388986  0.00233040869339078
0.422 0.0050000000036811  0.00499999998430709  0.00228621532287416
0.4225 0.00500000000316404  0.00499999998472943  0.00224205305309872
0.423 0.00500000000267782  0.00499999998510762  0.00219797265540615
0.4235 0.00500000000221629  0.00499999998546602  0.00215397172699633
0.424 0.00500000000177309  0.00499999998580712  0.00211003513130733
0.4245 0.00500000000134342  0.00499999998613071  0.00206616579720404
0.425 0.00500000000092448  0.0049999999864443  0.00202232879419232
0.4255 0.00500000000052154  0.00499999998673729  0.00197849740440551
0.426 0.00500000000013577  0.00499999998701038  0.00193471238408856
0.4265 0.00499999999977547  0.00499999998725427  0.00189097492344386
0.427 0.00499999999944557  0.00499999998746781  0.0018473178255502
0.4275 0.00499999999914171  0.00499999998766312  0.00180371701556974
0.428 0.00499999999885575  0.00499999998784121  0.00176016975273476
0.4285 0.00499999999858093  0.00499999998799856  0.00171669745280197
0.429 0.00499999999832073  0.00499999998814708  0.00167327075621707
0.4295 0.00499999999807669  0.00499999998826495  0.0016299396719597
0.43 0.00499999999785659  0.00499999998836582  0.00158675227301114
0.4305 0.00499999999766076  0.00499999998842786  0.00154378839966139
0.431 0.00499999999749248  0.00499999998846546  0.0015011070261665
0.4315 0.00499999999734188  0.00499999998848075  0.00145869928833586
0.432 0.0049999999972037  0.00499999998847795  0.0014165521152021
0.4325 0.00499999999706433  0.00499999998846061  0.00137462487808427
0.433 0.00499999999693762  0.00499999998843946  0.00133281074556517
0.4335 0.00499999999681472  0.00499999998839605  0.00129112969503003
0.434 0.00499999999671001  0.00499999998834135  0.00124953855894347
0.4345 0.00499999999662353  0.00499999998825471  0.0012079856923421
0.435 0.00499999999655688  0.00499999998815977  0.0011664359760754
0.4355 0.00499999999649064  0.00499999998807207  0.00112487169607687
0.436 0.00499999999641371  0.00499999998799947  0.00108336091155556
0.4365 0.00499999999632375  0.00499999998792683  0.00104208804476173
0.437 0.00499999999624169  0.00499999998784754  0.00100124622941557
0.4375 0.00499999999617743  0.00499999998771107  0.000961106074688982
0.438 0.00499999999617107  0.00499999998750402  0.000921978857830435
0.4385 0.00499999999624575  0.00499999998719765  0.000884260379009465
0.439 0.00499999999640741  0.00499999998680603  0.000848186317554511
0.4395 0.00499999999681907  0.00499999998611309  0.000842721895560915
0.44 0.00499999999941382  0.00499999998335188  0.000857013044269262
0.4405 0.00500000000255161  0.00499999998001482  0.000868409641088359
0.441 0.00500000000575178  0.00499999997660015  0.000878146512916211
0.4415 0.00500000000892973  0.00499999997321244  0.000886656201995973
0.442 0.00500000001207093  0.00499999996987297  0.00089416206225606
0.4425 0.0050000000151787  0.00499999996657503  0.0009007969467722
0.443 0.00500000001825691  0.00499999996331528  0.000906649563144722
0.4435 0.00500000002130683  0.00499999996009082  0.000911786987975451
0.444 0.0050000000243406  0.00499999995688487  0.000916262270508257
0.4445 0.00500000002736453  0.00499999995368835  0.000920120794278007
0.445 0.00500000003038275  0.00499999995049902  0.00092340308895261
0.4455 0.00500000003339613  0.0049999999473161  0.000926144710927407
0.446 0.00500000003640569  0.00499999994413745  0.000928377016799464
0.4465 0.0050000000394138  0.00499999994096284  0.00093012789693775
0.447 0.00500000004242253  0.00499999993779175  0.000931422340196703
0.4475 0.00500000004543156  0.00499999993462186  0.000932282968529278
0.448 0.00500000004844272  0.00499999993145154  0.00093273056023324
0.4485 0.0050000000514614  0.00499999992827471  0.000932784504553557
0.449 0.00500000005447805  0.00499999992510983  0.000932463125333091
0.4495 0.00500000005750192  0.00499999992193856  0.000931783919822773
0.45 0.00500000006053091  0.00499999991876997  0.000930763755297359
0.4505 0.0050000000635618  0.00499999991560031  0.000929419035884766
0.451 0.0050000000665946  0.00499999991243153  0.000927765831989458
0.4515 0.00500000006962821  0.00499999990926495  0.000925819876874616
0.452 0.00500000007266183  0.00499999990610174  0.000923596552125978
0.4525 0.00500000007569493  0.00499999990294223  0.000921110864154443
0.453 0.00500000007872698  0.00499999989978673  0.000918377413310593
0.4535 0.00500000008175811  0.00499999989663464  0.000915410290299113
0.454 0.00500000008478899  0.00499999989348397  0.000912222959302112
0.4545 0.00500000008782002  0.00499999989032844  0.000908828127806799
0.455 0.00500000009083695  0.00499999988718874  0.000905237786712839
0.4555 0.00500000009383471  0.00499999988407161  0.000901463926478186
0.456 0.00500000009681219  0.00499999988097804  0.000897518722916569
0.4565 0.00500000009976938  0.00499999987790351  0.000893414074739274
0.457 0.00500000010270689  0.0049999998748479  0.000889161303470669
0.4575 0.00500000010562593  0.00499999987181955  0.00088477063046856
0.458 0.00500000010853752  0.00499999986880772  0.000880249873190098
0.4585 0.0050000001114446  0.00499999986580676  0.000875605680848315
0.459 0.00500000011435188  0.00499999986282043  0.000870843661584879
0.4595 0.00500000011726621  0.0049999998598533  0.000865968183392951
0.46 0.00500000012018253  0.00499999985690883  0.000860983316280652
0.4605 0.00500000012310034  0.00499999985398541  0.000855893544420791
0.461 0.00500000012600863  0.00499999985109394  0.000850702739512823
0.4615 0.00500000012889489  0.00499999984823356  0.000845414507573979
0.462 0.00500000013175862  0.00499999984539521  0.000840032905042856
0.4625 0.00500000013459591  0.00499999984259162  0.000834588240437478
0.463 0.00500000013696901  0.00499999984025399  0.000836991518764516
0.4635 0.00500000013947097  0.00499999983780489  0.000838964756863368
0.464 0.00500000014191688  0.00499999983542924  0.000840362973848154
0.4645 0.00500000014429941  0.00499999983311561  0.000841304257977738
0.465 0.00500000014661911  0.0049999998308687  0.000841845160260123
0.4655 0.00500000014888984  0.00499999982868332  0.000842020958749172
0.466 0.00500000015112541  0.00499999982653283  0.000841857489514908
0.4665 0.00500000015332344  0.00499999982441262  0.000841375521388941
0.467 0.00500000015547927  0.00499999982234663  0.000840592694118849
0.4675 0.00500000015759777  0.00499999982031513  0.000839524542643429
0.468 0.00500000015968512  0.00499999981831568  0.000838185092776678
0.4685 0.00500000016174328  0.00499999981634787  0.000836587216271638
0.469 0.00500000016375967  0.00499999981442659  0.000834772893715533
0.4695 0.0050000001655961  0.0049999998126686  0.000835603347985145
0.47 0.00500000016745916  0.00499999981090254  0.00083608783703823
0.4705 0.00500000016928313  0.00499999980922138  0.000836180446396705
0.471 0.00500000017106563  0.00499999980758815  0.000835930741593257
0.4715 0.0050000001728069  0.00499999980599557  0.000835366487623948
0.472 0.00500000017445095  0.00499999980447755  0.000834967036423926
0.4725 0.00500000017609008  0.00499999980299447  0.000835252098228877
0.473 0.00500000017767985  0.00499999980155692  0.000835147531692853
0.4735 0.00500000017920608  0.00499999980017019  0.00083495681001855
0.474 0.00500000018070815  0.00499999979882861  0.000835034136556496
0.4745 0.0050000001821584  0.0049999997975186  0.000834979321797998
0.475 0.00500000018357898  0.00499999979624961  0.000834957892064304
0.4755 0.00500000018496718  0.00499999979502013  0.000834976663694981
0.476 0.00500000018632451  0.00499999979383024  0.000834978412552638
0.4765 0.00500000018765096  0.00499999979267979  0.000834972879503672
0.477 0.00500000018894611  0.00499999979156911  0.000834972316142922
0.4775 0.0050000001902101  0.0049999997904985  0.000834973983323335
0.478 0.00500000019144296  0.00499999978946812  0.000834974169317103
0.4785 0.00500000019264471  0.00499999978847826  0.000834973723069759
0.479 0.00500000019381523  0.00499999978752894  0.000834973717829185
0.4795 0.00500000019495405  0.00499999978661958  0.000834973895085598
0.48 0.0050000001960601  0.00499999978575125  0.000834973939577059
0.4805 0.00500000019713377  0.00499999978492371  0.00083497393233289
0.481 0.00500000019817559  0.00499999978413754  0.000834973964927089
0.4815 0.00500000019918415  0.00499999978339188  0.000834974012311708
0.482 0.00500000020015908  0.00499999978268731  0.00083497404792572
0.4825 0.00500000020109973  0.00499999978202409  0.00083497407935153
0.483 0.00500000020200689  0.00499999978140191  0.000834974114378958
0.4835 0.00500000020288018  0.00499999978082087  0.000834974150548675
0.484 0.00500000020371989  0.00499999978028071  0.000834974185932132
0.4845 0.00500000020452515  0.00499999977978168  0.000834974220924769
0.485 0.00500000020529601  0.00499999977932349  0.000834974256188341
0.4855 0.00500000020603208  0.00499999977890649  0.00083497429176874
0.486 0.00500000020673338  0.00499999977853053  0.000834974327066085
0.4865 0.00500000020740077  0.00499999977819641  0.000834974362190044
0.487 0.00500000020803309  0.00499999977790271  0.000834974397278893
0.4875 0.00500000020863039  0.00499999977765023  0.000834974432198216
0.488 0.00500000020919321  0.00499999977743913  0.000834974466996169
0.4885 0.00500000020972138  0.00499999977726919  0.000834974501664316
0.489 0.00500000021021488  0.00499999977714047  0.000834974536227854
0.4895 0.00500000021067378  0.00499999977705256  0.000834974570962531
0.49 0.00500000021109773  0.00499999977700479  0.000834974605794881
0.4905 0.00500000021148615  0.00499999977699761  0.000834974640307037
0.491 0.00500000021183987  0.00499999977703133  0.000834974674651726
0.4915 0.00500000021216007  0.0049999997771067  0.000834974708827399
0.492 0.00500000021244605  0.00499999977722177  0.000834974742929347
0.4925 0.00500000021269809  0.00499999977737809  0.000834974776827046
0.493 0.00500000021291521  0.00499999977757438  0.000834974810697419
0.4935 0.00500000021309826  0.00499999977781125  0.000834974844320939
0.494 0.0050000002132472  0.00499999977808902  0.000834974877714739
0.4945 0.00500000021336176  0.00499999977840597  0.000834974911159786
0.495 0.00500000021344265  0.00499999977876348  0.000834974944286966
0.4955 0.00500000021348915  0.00499999977916104  0.000834974977170529
0.496 0.0050000002135022  0.00499999977959864  0.000834975009658547
0.4965 0.00500000021348145  0.0049999997800765  0.000834975041911797
0.497 0.00500000021342724  0.00499999978059411  0.000834975074306989
0.4975 0.00500000021333988  0.00499999978115227  0.000834975106401719
0.498 0.0050000002132196  0.00499999978174964  0.000834975138371976
0.4985 0.00500000021306561  0.00499999978238718  0.000834975170107779
0.499 0.00500000021287869  0.00499999978306362  0.000834975201554191
0.4995 0.00500000021265678  0.00499999978377763  0.000834975232872766
0.5 0.00500000021240147  0.00499999978453195  0.000834975264027084
