#
0.0005 -1.53688006179215e-11 1.07504483903488e-11 -0.0010399842912155
0.001 -2.43103302554083e-11 3.10376148663526e-13 -0.00169221713400716
0.0015 -2.38709878078917e-11 1.84331551825057e-11 -0.00234376001205687
0.002 6.8558987015212e-12 2.40464769488966e-11 -0.00299283999418946
0.0025 1.32190551216304e-11 2.80960661102121e-11 -0.00363955618349259
0.003 9.58382067301061e-12 1.73723810813444e-11 -0.00428425456167531
0.0035 2.30982591406555e-11 1.74178828034854e-11 -0.00492730413744873
0.004 2.1083423930699e-11 2.4264175850312e-11 -0.00556910040168616
0.0045 2.21791649612201e-11 2.11985303846824e-11 -0.00621009068968934
0.005 2.22856861616675e-11 8.58562016614446e-12 -0.00685081301432059
0.0055 1.21512251844744e-11 6.83312608659857e-12 -0.00749194608145022
0.006 1.60492412521389e-11 4.79024988717404e-13 -0.00813437973109019
0.0065 1.57217506678069e-11 1.22505697128847e-11 -0.00877934085484275
0.007 1.9024657171469e-11 7.76509489280746e-12 -0.00942868560619061
0.0075 1.01295316614203e-11 1.39765122002472e-11 -0.0100856180234716
0.008 -1.73299826530906e-11 1.56443776583631e-11 -0.0107773550250458
0.0085 -1.96779332370336e-11 1.19199465615218e-11 -0.011451575093684
0.009 -4.10197876242184e-12 5.73311527332949e-12 -0.0121065105595577
0.0095 2.44673843738672e-11 -5.49504836625849e-13 -0.012752479289043
0.01 -1.53835305409336e-11 1.1372904275476e-11 -0.0133821107293038
0.0105 -1.38463148514641e-11 3.8357813699565e-12 -0.013989802163367
0.011 1.48238943258712e-11 -5.99996549608277e-12 -0.0145876230356822
0.0115 1.27790378194531e-11 -3.76398475199196e-12 -0.0151772453517028
0.012 1.15542808914469e-11 6.96198190598375e-14 -0.015757880880679
0.0125 1.68782198023851e-11 -2.18855328070145e-12 -0.0163320393664643
0.013 4.84799683257026e-12 1.96953257697773e-13 -0.0169020044283433
0.0135 9.66350208420881e-12 5.35752319516331e-13 -0.0174683528949836
0.014 1.15190229332076e-11 6.87839617420148e-12 -0.0180333539602532
0.0145 7.87259136786095e-12 1.17347850995639e-11 -0.0185947474545781
0.015 2.17542013214483e-12 1.26833952986648e-11 -0.0191615353610571
0.0155 5.58771066340286e-12 1.2650158017568e-11 -0.0197270490407254
0.016 8.0514442978405e-12 3.52061266153137e-12 -0.0202910395157388
0.0165 7.24395565998108e-12 1.21720379014802e-11 -0.020852077217812
0.017 -1.60933228896513e-12 8.82574283587648e-12 -0.0214112746260622
0.0175 -2.11365218053966e-11 1.67064580391899e-11 -0.021960874607463
0.018 1.82327574816363e-12 9.51308081810886e-13 -0.0225066756293636
0.0185 -2.70701841814423e-13 4.42351465558906e-12 -0.0230504622534574
0.019 5.08843163745864e-12 1.92541981252959e-11 -0.0235963000399339
0.0195 4.45569449712935e-12 5.94443432045866e-12 -0.0241464419562269
0.02 3.37125940323808e-13 5.7734054884533e-13 -0.0247011767868439
0.0205 -6.30489727954454e-13 2.37415227541023e-11 -0.0252808450444836
0.021 -5.20074102381538e-11 3.61988787070484e-11 -0.0258887253113515
0.0215 -2.80676082155583e-11 3.85239450268717e-11 -0.0264968570652759
0.022 -3.13813308932091e-11 3.6575972191036e-11 -0.0270711411420483
0.0225 -1.62684247995838e-11 1.60664069020282e-11 -0.0276272371530525
0.023 -3.77299074754815e-11 2.95156558711156e-11 -0.0281716732379553
0.0235 -6.4808042338685e-11 5.9299387429821e-11 -0.0287053032371408
0.024 -7.13745621238668e-11 5.37563143382051e-11 -0.0292519228619664
0.0245 -9.52823745045349e-11 3.17712366390273e-12 -0.0298524775551193
0.025 -8.81359209394695e-11 -3.6847238028206e-12 -0.0304011910955279
0.0255 -7.69718063474394e-11 1.70998105718883e-11 -0.0309257201548194
0.026 -8.23531808533541e-11 3.67348149539296e-11 -0.0314252620709615
0.0265 -6.94520103212777e-11 4.20443844377983e-11 -0.0319120412833872
0.027 -5.56632844959893e-11 4.46778629097061e-11 -0.0324001113608269
0.0275 -5.75034931779404e-11 4.62963167677941e-11 -0.0328878657379657
0.028 -7.34064301511989e-11 7.16161188768597e-11 -0.033383769227666
0.0285 -8.13763152855936e-11 7.38806273218142e-11 -0.0338774566350797
0.029 -8.24299583097182e-11 7.41790097195776e-11 -0.034364882759334
0.0295 -6.8934544757717e-11 6.90540295149457e-11 -0.0348464728580262
0.03 -8.832971120486e-11 7.41808463074899e-11 -0.0353228215624165
0.0305 -1.08339275331249e-10 8.1505567576813e-11 -0.0358070188907626
0.031 -1.09777788416905e-10 8.74879728905573e-11 -0.0362963869431187
0.0315 -8.15999109893691e-11 1.13193761288185e-10 -0.0368363764713762
0.032 -1.31636192597799e-10 5.70704144718946e-11 -0.037389929864246
0.0325 -1.46269042957547e-10 4.73650827164277e-11 -0.0378926827732441
0.033 -1.26230991468077e-10 7.15192712602572e-11 -0.0383784016918404
0.0335 -1.30535935123409e-10 7.88274641343127e-11 -0.0388448005622567
0.034 -1.16646473741391e-10 9.7571586561451e-11 -0.0393689431794284
0.0345 -1.07568189331703e-10 1.41128963111834e-10 -0.0398612623968422
0.035 -1.16917098405045e-10 1.41824501349582e-10 -0.0403223662966934
0.0355 -1.43937961230237e-10 1.48300584596105e-10 -0.040752470648833
0.036 -1.55573018706142e-10 1.37176197755303e-10 -0.0411801547495162
0.0365 -1.6368639071956e-10 1.32964538779897e-10 -0.0416128352265886
0.037 -1.71736507645863e-10 1.0395862594963e-10 -0.0420559014369695
0.0375 -1.70356141244703e-10 1.17279247958873e-10 -0.0424963367668603
0.038 -1.93365964363562e-10 1.24152140698723e-10 -0.0429255005591064
0.0385 -1.95198227814062e-10 1.23128452725724e-10 -0.0433476036460304
0.039 -1.92497629075842e-10 1.34134487708516e-10 -0.0437784695680014
0.0395 -1.72559944045462e-10 1.64891689598072e-10 -0.0442388592918031
0.04 -1.66304655510348e-10 1.71620300511529e-10 -0.044751391525095
0.0405 -1.58358525927134e-10 1.92065433372784e-10 -0.0452048710660317
0.041 -1.64489862473634e-10 1.87985473491083e-10 -0.0456420300454301
0.0415 -1.88701540942935e-10 1.80014193232832e-10 -0.0460587919316458
0.042 -2.2166691672814e-10 1.45452319062746e-10 -0.0465294271897638
0.0425 -2.83173155021121e-10 1.17303636000196e-10 -0.0469541679275179
0.043 -3.01671048201323e-10 1.40291170361513e-10 -0.0473356042322369
0.0435 -2.8062727252382e-10 1.70702107824106e-10 -0.0477111935261026
0.044 -2.75508540237218e-10 1.85918792257992e-10 -0.0480982628267082
0.0445 -2.96994548513921e-10 1.58553317668634e-10 -0.0484952223954008
0.045 -3.0314592943285e-10 1.67902622743511e-10 -0.0488854424686968
0.0455 -3.05723180557455e-10 1.86749042295276e-10 -0.0492639309749214
0.046 -3.03038900304684e-10 2.12182281144542e-10 -0.0496489405984184
0.0465 -3.00136010579823e-10 2.29551405450924e-10 -0.0500455388426371
0.047 -2.77433068770983e-10 2.47868062412297e-10 -0.0505221292094419
0.0475 -2.89258314804889e-10 2.56425124215356e-10 -0.0509309756728593
0.048 -2.72869820539989e-10 2.71436516096202e-10 -0.0513162981397752
0.0485 -3.16535324565905e-10 2.78210348620913e-10 -0.0516980143412096
0.049 -3.20752030411051e-10 2.48196462507049e-10 -0.0521132943544506
0.0495 -3.59452433532888e-10 2.51729645453571e-10 -0.0524644970757569
0.05 -3.55816512854182e-10 2.57645790425809e-10 -0.0527915878230024
0.0505 -3.76025937101591e-10 2.82803290766439e-10 -0.0531330178221433
0.051 -4.07462005150709e-10 2.47963931189973e-10 -0.0534897170698787
0.0515 -4.25069420128564e-10 2.51163929451214e-10 -0.0538397127127312
0.052 -4.41051885431267e-10 2.83288243592974e-10 -0.0541766450279015
0.0525 -4.20361441448674e-10 3.07374216260527e-10 -0.05452031012742
0.053 -4.32996951506417e-10 2.95526885894259e-10 -0.054895387474829
0.0535 -4.55022169639733e-10 3.07813452941256e-10 -0.0553156377271711
0.054 -4.11641975921694e-10 3.4659035151121e-10 -0.0556908487380026
0.0545 -4.04532792542392e-10 3.76281045966539e-10 -0.0560148015480613
0.055 -4.42330007034367e-10 3.82999882706338e-10 -0.056411413704774
0.0555 -4.4038276000751e-10 4.00927182139983e-10 -0.0567282997869008
0.056 -4.4949852679283e-10 4.22554520159542e-10 -0.0570085379091643
0.0565 -4.52744877909056e-10 4.24622861138377e-10 -0.0573059522593082
0.057 -4.48952756559971e-10 4.60754962525703e-10 -0.0576239199636206
0.0575 -4.78371567401596e-10 4.30243522141258e-10 -0.057937461876901
0.058 -5.08775549352386e-10 4.08191992286308e-10 -0.0582365724729231
0.0585 -5.13767485029151e-10 4.25363801530395e-10 -0.0585439705593538
0.059 -5.02925255733452e-10 4.71631250663969e-10 -0.0589268603090491
0.0595 -4.88632649862837e-10 4.3945228036852e-10 -0.0592980824567657
0.06 -5.14642384254473e-10 4.53586148422124e-10 -0.0596035672680822
0.0605 -4.55818922024804e-10 4.24235908766413e-10 -0.0598948414725233
0.061 -5.22603089710552e-10 4.65125591528009e-10 -0.0602224819922226
0.0615 -5.71260738138478e-10 4.65411654714486e-10 -0.0604856371698997
0.062 -5.78170126370716e-10 4.63453036358293e-10 -0.0607493479219107
0.0625 -5.55896201594653e-10 5.30992608686191e-10 -0.061027584724907
0.063 -5.56400178569586e-10 5.31894896210649e-10 -0.0613138036447282
0.0635 -6.12404491770737e-10 5.11923158346375e-10 -0.0615787960677677
0.064 -6.19937709423202e-10 5.15295331320317e-10 -0.0618508824732471
0.0645 -6.12469416289504e-10 5.21173786990845e-10 -0.0621868896248588
0.065 -5.6340290709722e-10 4.83790668517e-10 -0.0625337930968723
0.0655 -6.07827428141723e-10 5.27514794607367e-10 -0.0628071197603158
0.066 -6.7744169970275e-10 5.26714791752589e-10 -0.0631215270736274
0.0665 -7.02404585111621e-10 5.88520531366451e-10 -0.0633579595222159
0.067 -6.80373336677837e-10 5.77820684336291e-10 -0.0635795379837614
0.0675 -6.51042922747243e-10 5.96350564918021e-10 -0.0638122419767416
0.068 -6.88044194446904e-10 5.53007379942737e-10 -0.0640691172633756
0.0685 -6.8471371816788e-10 5.62532084620703e-10 -0.0643230102472673
0.069 -7.16318182801326e-10 5.68054225028761e-10 -0.064557395666237
0.0695 -7.30467202215215e-10 5.96290293052987e-10 -0.064811452060676
0.07 -6.23449360774478e-10 5.50664044988238e-10 -0.0651580593055704
0.0705 -6.74613499650526e-10 5.8591022819421e-10 -0.0654366941614638
0.071 -7.67172418871955e-10 6.25930980127356e-10 -0.0656574103363226
0.0715 -7.66815357069497e-10 6.51526567579792e-10 -0.0659602713016042
0.072 -7.4425965421836e-10 7.00719576164079e-10 -0.066132151330346
0.0725 -7.35335059029271e-10 6.91883639146013e-10 -0.0663271015686483
0.073 -7.35200113358391e-10 7.01281088532878e-10 -0.0665484910252452
0.0735 -7.32950382188698e-10 6.8885891786268e-10 -0.066774079591318
0.074 -7.67592466714218e-10 6.58025218790946e-10 -0.0669840810913322
0.0745 -7.93870132628308e-10 6.83069680188987e-10 -0.0672068797920948
0.075 -8.37780138673555e-10 7.10321755832179e-10 -0.06751347091505
0.0755 -8.18111726250851e-10 6.8344695382961e-10 -0.0677786995212451
0.076 -8.30902459934305e-10 7.16610235505187e-10 -0.0679781952230778
0.0765 -6.85096731270858e-10 5.95257402748379e-10 -0.0682642946424316
0.077 -7.73957399791352e-10 6.87563910338226e-10 -0.0684044623183548
0.0775 -8.07494296790425e-10 7.01245841708888e-10 -0.0685744436675995
0.078 -7.73181976671505e-10 7.59756789356312e-10 -0.0687760519150092
0.0785 -7.89490409601835e-10 7.39520649204302e-10 -0.0689782813315921
0.079 -8.18737721477201e-10 7.26334716333969e-10 -0.0691642469833877
0.0795 -8.35953367288472e-10 7.4425408014617e-10 -0.0693900516120625
0.08 -6.83573215771741e-10 6.16958802798404e-10 -0.0696799090090222
0.0805 -8.10068659157123e-10 7.04444516288336e-10 -0.0698871761261572
0.081 -8.69077222434718e-10 7.27792498588587e-10 -0.0701227124050377
0.0815 -9.03813852725169e-10 7.84266998857411e-10 -0.0702891711049481
0.082 -8.56522826491936e-10 7.98044376508154e-10 -0.0704170678699732
0.0825 -8.46598341705166e-10 8.01953684625786e-10 -0.0705855206562298
0.083 -8.43066497520345e-10 8.01015127634789e-10 -0.0707667898601061
0.0835 -8.51704523088385e-10 7.66844529969875e-10 -0.0709316244893203
0.084 -8.74753928342125e-10 7.69985531610492e-10 -0.071105303185671
0.0845 -8.3062853892876e-10 7.24498595842071e-10 -0.0713740836576443
0.085 -9.41647331095047e-10 7.81375122511493e-10 -0.0715920138866215
0.0855 -9.474934630373e-10 8.00076330304606e-10 -0.0717522996270307
0.086 -9.04569389725779e-10 7.87615142160639e-10 -0.0719950603514031
0.0865 -9.09013520627763e-10 8.39208289835767e-10 -0.0720892958456716
0.087 -9.02376981549888e-10 8.16580489964878e-10 -0.0722179686436047
0.0875 -8.86430676700553e-10 7.41340372209235e-10 -0.0723815577433721
0.088 -8.8102399358795e-10 7.47087206204085e-10 -0.0725386332643638
0.0885 -8.81106143595684e-10 7.62404600165602e-10 -0.0726891507992458
0.089 -9.38456967999269e-10 8.36756521482827e-10 -0.0729144954019177
0.0895 -7.61701274243808e-10 6.9920775902307e-10 -0.073150353482125
0.09 -8.62081923225131e-10 7.84143048444875e-10 -0.0732927147683248
0.0905 -9.59467460312504e-10 8.66313550026178e-10 -0.0734806280779677
0.091 -9.11737120785383e-10 8.33339383620321e-10 -0.0735985664163354
0.0915 -8.9205574514834e-10 8.05692270319253e-10 -0.0737013628780401
0.092 -8.89872706135179e-10 7.26780261211366e-10 -0.0738428280595521
0.0925 -8.4972430739296e-10 7.50541325546442e-10 -0.0739871955300255
0.093 -8.64200587532178e-10 7.69346716202166e-10 -0.0741229251676207
0.0935 -9.20670542588346e-10 8.33645791638272e-10 -0.0743218858093271
0.094 -7.50931213014605e-10 6.76572787128708e-10 -0.0745436657896982
0.0945 -8.65996812155916e-10 7.76020467130504e-10 -0.0746726614919208
0.095 -9.4847930332579e-10 8.64687490340667e-10 -0.0748448367982924
0.0955 -8.91090583481237e-10 8.25495731737033e-10 -0.0749458119895265
0.096 -8.73111124768084e-10 8.01101401738879e-10 -0.0750323617129957
0.0965 -8.62405290013694e-10 7.73346684056104e-10 -0.0751608407219837
0.097 -8.63686475811049e-10 7.51226208196408e-10 -0.0752849513124019
0.0975 -8.44694823889233e-10 7.42258827637352e-10 -0.0754048141748901
0.098 -9.03502490453694e-10 7.81866131898892e-10 -0.0755969203734542
0.0985 -9.53057483130051e-10 8.1195361382927e-10 -0.0757868637558524
0.099 -9.46475212667681e-10 8.08287486564192e-10 -0.0759071353307959
0.0995 -5.67251647301635e-10 4.91992897893163e-10 -0.07610069981555
0.1 -7.62287240116992e-10 6.93503363154199e-10 -0.0761449407941143
0.1005 -7.81896746286221e-10 7.33363569801013e-10 -0.0762265367967506
0.101 -7.74982022933157e-10 7.22376031533032e-10 -0.0763469421161304
0.1015 -7.98974206914725e-10 6.97446734351892e-10 -0.0764523550707459
0.102 -8.02689120467522e-10 7.08190332922442e-10 -0.076561479698664
0.1025 -1.69627439705833e-10 1.57948073308522e-10 -0.0768071202594609
0.103 -6.81776760720385e-10 6.62787621735793e-10 -0.0769447940423403
0.1035 -1.02500832845411e-09 9.23286889034186e-10 -0.0770417808972433
0.104 -9.36721803008316e-10 8.48505975675566e-10 -0.07715328145573
0.1045 -8.44967880551527e-10 7.50088328906378e-10 -0.0772080607647227
0.105 -7.6927059866313e-10 6.57826790823607e-10 -0.0773018715627541
0.1055 -6.81617016023654e-10 6.03010188387025e-10 -0.0774159164792751
0.106 -6.7927041332041e-10 6.62530616758535e-10 -0.0775058146786251
0.1065 -6.00966731391858e-10 5.63218094216845e-10 -0.0775796169962892
0.107 -8.31199601310869e-10 7.10652767830061e-10 -0.0778147189605473
0.1075 -8.37227862806002e-10 6.95167703547972e-10 -0.0779403520869605
0.108 -8.38838155715519e-10 7.54157043019824e-10 -0.0780862151892698
0.1085 -8.50424518773569e-10 7.66599371695345e-10 -0.0781335615774288
0.109 -7.59630581636977e-10 6.54479460946133e-10 -0.0781881585647199
0.1095 -6.56293445580621e-10 5.73865804315878e-10 -0.0782801148949411
0.11 -6.64456242516145e-10 5.65687348509607e-10 -0.0783707913076593
0.1105 -6.5535778511301e-10 5.55493763089484e-10 -0.0784558941375227
0.111 -3.96242367792159e-10 3.26065046244836e-10 -0.078606941941007
0.1115 -4.79680627698531e-10 4.48960491090892e-10 -0.0787934509180309
0.112 -6.97316363889514e-10 6.44015021354504e-10 -0.0788635520867898
0.1125 -4.41813751368243e-10 3.98671352950472e-10 -0.0789888049299363
0.113 -4.89921544074464e-10 4.45271188396346e-10 -0.0790114741253355
0.1135 -5.06693502895395e-10 5.137860387325e-10 -0.0790774841193629
0.114 -4.72601106685507e-10 4.59692757673948e-10 -0.0791660488677967
0.1145 -5.03206947504083e-10 4.95641959082356e-10 -0.0792353007768669
0.115 -3.97617943538975e-10 3.85460125283396e-10 -0.0792924863253471
0.1155 -3.48374629181253e-10 3.13026429958914e-10 -0.0795309626553986
0.116 -5.07870215581577e-10 4.9584273853641e-10 -0.0796179275971386
0.1165 -3.38798010437767e-10 3.067501513198e-10 -0.079728635558051
0.117 -4.30111542995386e-10 3.74749146527877e-10 -0.0797720780443799
0.1175 -4.29882478208338e-10 4.02190388772952e-10 -0.0798015903597255
0.118 -4.57885463013382e-10 4.13743538275075e-10 -0.079877300921535
0.1185 -4.20970343805127e-10 4.37879954467065e-10 -0.0799468517091399
0.119 -4.69286409601409e-10 4.47141756817107e-10 -0.0800145824950822
0.1195 1.02235574001585e-10 -9.10602528895714e-11 -0.0802291279201366
0.12 -3.0500685417939e-10 2.80053606795892e-10 -0.08032143472023
0.1205 4.04046322117741e-10 -3.41649412535314e-10 -0.0803821297889715
0.121 -2.85639046892758e-10 2.3034072547249e-10 -0.0804627484665498
0.1215 -3.39439717250316e-10 3.00902017488918e-10 -0.080472529564703
0.122 -3.06988240647647e-10 2.7265133964339e-10 -0.0805314022430829
0.1225 -3.33275426795165e-10 3.0784150182642e-10 -0.0806015123773844
0.123 -3.65330870252721e-10 2.88043000805365e-10 -0.0806605296727056
0.1235 -5.40036847545497e-10 4.64733201429499e-10 -0.0808033506447486
0.124 -5.12801045062473e-10 4.11994306813201e-10 -0.0809286268765269
0.1245 -5.87598618868347e-10 4.47935915195636e-10 -0.0809844051947781
0.125 -2.35784712559649e-10 1.39660272192878e-10 -0.0810916989659167
0.1255 -2.53249121112412e-10 1.66311448089279e-10 -0.0810914949365433
0.126 -2.26149121900254e-10 1.62653806254537e-10 -0.0811352458867356
0.1265 -2.54093032212076e-10 1.98746457120366e-10 -0.0811953981196252
0.127 -2.64149733205684e-10 1.77015115299732e-10 -0.0812492442063414
0.1275 -2.97626915208025e-10 2.39670810370944e-10 -0.0813475911822532
0.128 -4.07356998578131e-10 3.29469329866452e-10 -0.0814927062664758
0.1285 -4.18252434216556e-10 3.13944819928642e-10 -0.0815554682979354
0.129 3.97673651894681e-11 -1.12583315314358e-10 -0.0816851968286319
0.1295 -2.08090301194929e-10 1.1657420710246e-10 -0.0816619990735643
0.13 -6.95217996074413e-11 3.05906975635834e-11 -0.081686613867795
0.1305 -1.30347006383071e-10 7.05131149051755e-11 -0.0817477782635877
0.131 -1.34001490006709e-10 7.08089454419383e-11 -0.0817892086836027
0.1315 -1.82047696416054e-11 -2.93361092551128e-11 -0.0818103025855587
0.132 -2.66873626110401e-10 1.42864202252675e-10 -0.0820065685258014
0.1325 -2.89295376026625e-10 1.81174755553396e-10 -0.082083428113038
0.133 -1.34539122988034e-10 5.49941761689468e-11 -0.0821591718346323
0.1335 -1.4364023553261e-10 6.24202901399204e-11 -0.082183283142679
0.134 -1.1812938681047e-10 7.69383977356606e-11 -0.0821934073854605
0.1345 -7.67464559709981e-11 5.52137776748365e-11 -0.0822489971429562
0.135 -8.33639406414212e-12 -1.67110517409771e-12 -0.0822885956082637
0.1355 -1.29227936906906e-10 1.05320729093463e-10 -0.0823364100983265
0.136 1.74499390675347e-10 -1.5613103631431e-10 -0.0825090725439919
0.1365 3.8265289298154e-11 -4.66578943658623e-11 -0.0825811142998151
0.137 -4.28105024296957e-11 4.00973069058677e-11 -0.0826718820026541
0.1375 -8.84028054156214e-11 9.59118733351619e-11 -0.0826545927531946
0.138 -3.39677138260906e-11 2.61388389751152e-11 -0.0826564961278199
0.1385 6.5647337736245e-11 -4.7638069481766e-11 -0.0827057038374871
0.139 5.36406655084967e-11 -4.03133238232979e-11 -0.0827424421309078
0.1395 1.52936934861679e-11 -6.23623006687812e-12 -0.082784705290572
0.14 1.6483847644268e-10 -1.25708489366166e-10 -0.082950195142596
0.1405 1.57875717863993e-10 -1.052806881625e-10 -0.0830212086499824
0.141 4.95348740113961e-11 -1.83201919604593e-12 -0.0831055890001009
0.1415 6.01166079797103e-11 1.62040012533412e-11 -0.0830841795019718
0.142 1.73641183253765e-10 -1.10796001121342e-10 -0.083081310337782
0.1425 2.61571378763219e-10 -1.67208460541344e-10 -0.0831255708754591
0.143 2.72549716083494e-10 -2.18906414457946e-10 -0.0831582782010477
0.1435 2.58253519115004e-10 -2.09180624680341e-10 -0.0831963619047633
0.144 1.74794068766173e-10 -1.05025669647399e-10 -0.0833364538596405
0.1445 3.00977829381659e-10 -2.01281366035796e-10 -0.0834155444780123
0.145 2.82640306091472e-10 -2.03499006226415e-10 -0.0835037604804336
0.1455 3.90861732124003e-10 -2.75181483392736e-10 -0.0835016189268648
0.146 4.95639642063707e-10 -3.57999657651977e-10 -0.0834851686508781
0.1465 5.71222392989772e-10 -4.17284952643632e-10 -0.083521722052122
0.147 5.74318662989071e-10 -4.72708510819904e-10 -0.0835490046818995
0.1475 5.41865914903427e-10 -4.81342034633333e-10 -0.0835825313272147
0.148 7.39947684099647e-10 -6.34171438986832e-10 -0.0837380690583249
0.1485 7.11949902495265e-10 -5.81673175283623e-10 -0.0838021879811848
0.149 6.23617708581929e-10 -4.96776109346348e-10 -0.0838772572958142
0.1495 6.50152537828861e-10 -5.307593646983e-10 -0.0838472034831997
0.15 7.74652149360539e-10 -6.72810401279401e-10 -0.083837948488094
0.1505 8.87793248274138e-10 -7.71514765372958e-10 -0.0838763383863115
0.151 8.89855087952617e-10 -8.03133178840961e-10 -0.0839013977406027
0.1515 8.65357599814125e-10 -7.82463264433358e-10 -0.0839324908092482
0.152 1.14521629783064e-09 -1.01610797215166e-09 -0.0840866213747673
0.1525 1.00961461792982e-09 -9.06758895540425e-10 -0.0841452931385853
0.153 9.18780981107448e-10 -8.27165351313705e-10 -0.0842176914799476
0.1535 9.6819368720372e-10 -8.83063913499623e-10 -0.0841839903964281
0.154 1.0654840860958e-09 -9.99001496921715e-10 -0.0841714146702675
0.1545 1.19693744251207e-09 -1.08656817149182e-09 -0.08420775548212
0.155 1.28167818569907e-09 -1.1214825376229e-09 -0.0842280593191729
0.1555 1.17058073967092e-09 -1.07046616627577e-09 -0.0842598350950958
0.156 1.10100803420782e-09 -1.04787413037989e-09 -0.084397899608682
0.1565 1.17982170928896e-09 -1.11721257865238e-09 -0.0844466183232377
0.157 1.3524431716241e-09 -1.28473103250634e-09 -0.0844939760574394
0.1575 1.32384402848439e-09 -1.28262512274493e-09 -0.0844909541235754
0.158 1.34777516406727e-09 -1.28401986720191e-09 -0.0844791799021668
0.1585 1.40763079688428e-09 -1.37349607035607e-09 -0.0845132201216318
0.159 1.42549034731859e-09 -1.43015404852412e-09 -0.0845270307282713
0.1595 1.55390450829972e-09 -1.51107736588482e-09 -0.0845256729072436
0.16 1.63630186198765e-09 -1.58156589014943e-09 -0.0847170452239516
0.1605 1.47320903975164e-09 -1.45050480988961e-09 -0.0847456660101181
0.161 1.41842958485904e-09 -1.41157603254536e-09 -0.0848051582480634
0.1615 1.47287311175807e-09 -1.45896977035362e-09 -0.0847634648611102
0.162 1.6312494261356e-09 -1.6378929332654e-09 -0.0847612501971635
0.1625 1.70259149702732e-09 -1.63869068036147e-09 -0.0847958740515819
0.163 1.69063336650328e-09 -1.60121662276321e-09 -0.0848071446317095
0.1635 1.6295104621824e-09 -1.60132257459078e-09 -0.0848698597954539
0.164 1.58933142370874e-09 -1.59420773052474e-09 -0.0849813283399834
0.1645 1.59686183568043e-09 -1.61303668305221e-09 -0.0850052623283685
0.165 1.59399103538754e-09 -1.63093815812298e-09 -0.0850529080620263
0.1655 1.6954504649332e-09 -1.71674817899028e-09 -0.0850160279484742
0.166 1.76482876736361e-09 -1.7916964696841e-09 -0.0850261469503086
0.1665 1.81191090443405e-09 -1.78717701660017e-09 -0.0850539524936895
0.167 1.81732280593646e-09 -1.78397934446703e-09 -0.0850685392084626
0.1675 1.71341656006776e-09 -1.73117315007687e-09 -0.0851594578208972
0.168 1.73183062445919e-09 -1.77866988261753e-09 -0.0852479790380696
0.1685 1.67549840804167e-09 -1.73628849101467e-09 -0.0852598474363151
0.169 1.88426894462282e-09 -1.91895060647157e-09 -0.0852825337255217
0.1695 1.8911052080152e-09 -1.92891544923565e-09 -0.0852524291896873
0.17 1.91193588718138e-09 -1.93734836114717e-09 -0.0852670098066923
0.1705 1.91082670704067e-09 -1.93853283096952e-09 -0.0852912264511588
0.171 1.90513175586391e-09 -1.89215062467425e-09 -0.0852988639868903
0.1715 1.97706813782142e-09 -1.98017502059154e-09 -0.0853990130178714
0.172 1.87086190638789e-09 -1.92960913524472e-09 -0.0854853754915369
0.1725 2.08884758779546e-09 -2.10362035130886e-09 -0.085493305539149
0.173 1.9014862600135e-09 -1.97242050066546e-09 -0.0855289206690324
0.1735 1.88266897482046e-09 -1.95819152415618e-09 -0.0854882991705691
0.174 1.89797680693683e-09 -1.96588232536033e-09 -0.085497358474177
0.1745 1.90008801999747e-09 -1.96133988438072e-09 -0.085508194581632
0.175 1.89131813147301e-09 -1.93367506998239e-09 -0.0855186356121887
0.1755 1.85450413089153e-09 -1.93549989275442e-09 -0.0856303494485177
0.176 1.87822646072915e-09 -1.95737453868604e-09 -0.0856946515983779
0.1765 1.94926545917436e-09 -2.00602684367442e-09 -0.0857405172794983
0.177 1.89974097753891e-09 -1.97898449365427e-09 -0.0857046743514538
0.1775 1.89325322776279e-09 -1.96268104645035e-09 -0.0856812685241782
0.178 1.88263112531756e-09 -1.96317737380486e-09 -0.0857039035401775
0.1785 1.87842646111296e-09 -1.93698337716933e-09 -0.0857116065770291
0.179 1.84040218846416e-09 -1.92042864668178e-09 -0.0857290526461158
0.1795 1.79972854609883e-09 -1.91816540104928e-09 -0.0858546654589798
0.18 1.80218602016478e-09 -1.91224425065764e-09 -0.0858885779355173
0.1805 1.76780340799239e-09 -1.89424239564084e-09 -0.0859348681883137
0.181 1.77690463752541e-09 -1.88296384692662e-09 -0.0858912203257051
0.1815 1.76588277421092e-09 -1.87362385100412e-09 -0.0858800650682004
0.182 1.78782755003863e-09 -1.83748716308589e-09 -0.0859052182098803
0.1825 1.77855178503347e-09 -1.82309484354668e-09 -0.0859070169480205
0.183 1.73914548894011e-09 -1.84078129131028e-09 -0.0859602173722138
0.1835 1.72038623529653e-09 -1.86355959483837e-09 -0.0860630510051994
0.184 1.71943134583318e-09 -1.85875378755297e-09 -0.0860765042241156
0.1845 1.68116358522834e-09 -1.84472253540825e-09 -0.0861105455166255
0.185 1.67171382807409e-09 -1.80668391161596e-09 -0.0860651714974228
0.1855 1.65508770972017e-09 -1.76133731813706e-09 -0.0860682857650074
0.186 1.6385163395232e-09 -1.7467182255899e-09 -0.0860861182658029
0.1865 1.58541918247688e-09 -1.74710740654168e-09 -0.0860906997657283
0.187 1.54272303399457e-09 -1.66516000210593e-09 -0.0861530615899111
0.1875 1.54726919354987e-09 -1.66968285138466e-09 -0.0862773195226157
0.188 1.45859159431116e-09 -1.55805101538834e-09 -0.0862546569675772
0.1885 1.50162744580336e-09 -1.62833783590672e-09 -0.086302458676363
0.189 1.47600034242617e-09 -1.62977949749577e-09 -0.0862482573814535
0.1895 1.44187670704756e-09 -1.61377089200359e-09 -0.0862479422974918
0.19 1.41923372481562e-09 -1.60245949541045e-09 -0.0862515087709434
0.1905 1.39909179517818e-09 -1.59630218223061e-09 -0.0862536731279599
0.191 1.4032662985546e-09 -1.61619932163945e-09 -0.0863610542883527
0.1915 1.38218656929952e-09 -1.56330568108322e-09 -0.0864176799678367
0.192 1.23866337238161e-09 -1.37475077188855e-09 -0.0864561546975928
0.1925 1.31228626742057e-09 -1.49081871062337e-09 -0.0864127807009571
0.193 1.28746318380205e-09 -1.44194983011946e-09 -0.0863842438127226
0.1935 1.23837609420954e-09 -1.38916547710063e-09 -0.086401742183111
0.194 1.20485306235319e-09 -1.33324596395015e-09 -0.0864024260542169
0.1945 1.24447527826233e-09 -1.37726336353496e-09 -0.0864162441046393
0.195 1.08248100795722e-09 -1.1684192938299e-09 -0.0865615999817252
0.1955 1.14457172161559e-09 -1.26511865244486e-09 -0.0865691375287238
0.196 1.05788523398418e-09 -1.17179863961663e-09 -0.0866495464555446
0.1965 1.07591226141986e-09 -1.21269694356839e-09 -0.0865596753730752
0.197 1.02874390023298e-09 -1.16021526589074e-09 -0.086540094404892
0.1975 1.01810256072801e-09 -1.1414523942997e-09 -0.0865434080751788
0.198 9.71807296279437e-10 -1.12557384304157e-09 -0.0865457081454545
0.1985 9.53387993561935e-10 -1.12218747665318e-09 -0.0865965360832135
0.199 9.88177891587289e-10 -1.20731009054904e-09 -0.0866903580286166
0.1995 1.01699393697536e-09 -1.23162557360419e-09 -0.086695993178205
0.2 8.68220711706365e-10 -1.05589306997971e-09 -0.0867076208194247
0.2005 8.22303772208504e-10 -9.94204805304939e-10 -0.0866651632551136
0.201 7.64000029983916e-10 -9.13597811181248e-10 -0.0866691330936844
0.2015 7.24117410309466e-10 -8.73377868514742e-10 -0.0866781963943029
0.202 7.40949328007738e-10 -8.49738001275551e-10 -0.0866757091510963
0.2025 3.64921354108881e-10 -3.58252132414461e-10 -0.0868322134200187
0.203 6.37773999441891e-10 -7.35572071720984e-10 -0.0868518092942254
0.2035 5.52763642821577e-10 -6.23457835137373e-10 -0.0869145652488725
0.204 6.40220243708325e-10 -7.60688294565768e-10 -0.0868552268563486
0.2045 5.68437238527984e-10 -6.71842900025313e-10 -0.0867969700093988
0.205 5.17298724655404e-10 -6.09360453608979e-10 -0.086800999217275
0.2055 4.8690847235461e-10 -6.0121275290574e-10 -0.0867970781902034
0.206 4.6105621285437e-10 -6.50816725052903e-10 -0.0868036113562844
0.2065 4.10035963962968e-10 -5.81969833957901e-10 -0.086913935015028
0.207 4.15951602351878e-10 -5.95699230780931e-10 -0.0869462017980758
0.2075 4.20312821126355e-10 -5.85389340189892e-10 -0.0869844358106795
0.208 3.56055317397148e-10 -5.09891141526298e-10 -0.0869314615670942
0.2085 1.992525861619e-10 -3.152421088646e-10 -0.0869129411727746
0.209 1.78830912127635e-10 -2.55396352680686e-10 -0.0869316897569998
0.2095 1.96690620508052e-10 -2.720434914527e-10 -0.086925237288428
0.21 1.81305857831455e-10 -2.79446415265947e-10 -0.0869654038139247
0.2105 6.56797680748358e-11 -1.33622326380098e-10 -0.0870880459115824
0.211 1.63434688812604e-10 -3.1466005482286e-10 -0.0870790611257529
0.2115 -2.34990011118743e-11 -6.28742707445732e-11 -0.087119885232287
0.212 -3.14311752539581e-11 -8.2596830651657e-11 -0.0870531902606704
0.2125 -8.10166303725092e-11 -5.24803991983823e-11 -0.0870437838095219
0.213 -1.09661766812828e-10 -3.12412801307918e-11 -0.0870468533373222
0.2135 -8.60971054023791e-11 -1.96486231532326e-11 -0.0870394189787846
0.214 -5.41752903529811e-10 6.10945596808825e-10 -0.0871911781682882
0.2145 -1.78645825066515e-10 1.07307154031413e-10 -0.087208608673543
0.215 -2.20216339903943e-10 1.63205116725017e-10 -0.0872681186048985
0.2155 -1.2600617568583e-10 2.19792276999083e-11 -0.0872056785693403
0.216 -2.20068431999438e-10 1.43272460531882e-10 -0.0871454386459953
0.2165 -2.80519494050969e-10 2.16170481364202e-10 -0.0871472502253628
0.217 -3.13583019481008e-10 2.26723291829871e-10 -0.0871400916435239
0.2175 -3.26792448467013e-10 1.65150945580654e-10 -0.0871451097910511
0.218 -3.19700264813617e-10 1.61814748621712e-10 -0.0872607405597492
0.2185 -3.51202341007885e-10 2.02637307805151e-10 -0.0872823664465477
0.219 -3.49894595801435e-10 2.09821221876173e-10 -0.0873136885552579
0.2195 -4.20870586285482e-10 2.90824161617194e-10 -0.0872584158276269
0.22 -5.07186157655417e-10 4.1181046810145e-10 -0.0872443840027166
0.2205 -5.32889774089293e-10 4.50376648891591e-10 -0.0872467035170588
0.221 -5.73473742666905e-10 4.81592005389917e-10 -0.087245556681295
0.2215 -6.07601116194269e-10 4.59780102216681e-10 -0.0872948801906601
0.222 -6.17682640121685e-10 4.76015483833531e-10 -0.0873804456587827
0.2225 -5.34353821984456e-10 3.37658479696958e-10 -0.0873880367114094
0.223 -6.09265289197333e-10 4.69593957140729e-10 -0.0873960520199963
0.2235 -6.94792659624769e-10 5.99671266606255e-10 -0.0873450997783131
0.224 -7.36700954214897e-10 6.84665743057152e-10 -0.0873446212364098
0.2245 -7.60510891299519e-10 6.9851214640092e-10 -0.0873432347276662
0.225 -7.8907613125192e-10 6.83564586830981e-10 -0.0873371905631017
0.2255 -1.04852688164417e-09 1.03720572995613e-09 -0.0874951602575906
0.226 -8.76569265416074e-10 7.9606565133418e-10 -0.0875044722914206
0.2265 -1.00730945490687e-09 9.80237736397932e-10 -0.0875257341488317
0.227 -9.07545803550119e-10 7.98788800961581e-10 -0.0874689704572632
0.2275 -9.33260432071303e-10 8.26559529971924e-10 -0.087430320867039
0.228 -9.82056211022149e-10 8.85479589070646e-10 -0.0874404008294444
0.2285 -9.99468799870699e-10 9.24539077287085e-10 -0.087433215285573
0.229 -1.02722256135846e-09 1.01137085675869e-09 -0.0874044697561464
0.2295 -1.07940373828404e-09 1.04572215291263e-09 -0.0875781632229681
0.23 -1.02331810020811e-09 9.22555593866166e-10 -0.0875781218332376
0.2305 -1.11729100712683e-09 1.07490974317221e-09 -0.0876431089296851
0.231 -1.09389203080387e-09 1.02094076744431e-09 -0.0875467244103531
0.2315 -1.12321228885188e-09 1.05317318634496e-09 -0.0875284074808418
0.232 -1.13914426004019e-09 1.06107320957703e-09 -0.0875342305201242
0.2325 -1.13437169025458e-09 1.07727133832128e-09 -0.0875261496783019
0.233 -1.22305392570471e-09 1.21131562743576e-09 -0.0875742579682911
0.2335 -1.18775709582072e-09 1.13877962364936e-09 -0.0876896026191415
0.234 -1.32408780537641e-09 1.34286625778344e-09 -0.0876613034022937
0.2345 -1.22356920066088e-09 1.16995268154754e-09 -0.087690102885868
0.235 -1.23047716416079e-09 1.16585549565971e-09 -0.0876254950141169
0.2355 -1.25038642298947e-09 1.18263692504479e-09 -0.0876142937553038
0.236 -1.25724478272348e-09 1.19236877904136e-09 -0.0876071343455895
0.2365 -1.23625416077776e-09 1.17421257438265e-09 -0.0876020347862114
0.237 -1.30086755143135e-09 1.28669718540742e-09 -0.0877229653769084
0.2375 -1.28304242648165e-09 1.22664228099564e-09 -0.0877498853954823
0.238 -1.33178914378146e-09 1.30855409966788e-09 -0.0877752194191369
0.2385 -1.3073588242575e-09 1.25660664595441e-09 -0.0877307015828622
0.239 -1.33814098046925e-09 1.30513865344439e-09 -0.0876917697634971
0.2395 -1.34656939419338e-09 1.31426643003435e-09 -0.0876979491771798
0.24 -1.33888185421797e-09 1.29470312999386e-09 -0.0876833694067967
0.2405 -1.33029751523983e-09 1.28180032807954e-09 -0.0877131927702877
0.241 -1.35001058535217e-09 1.34216350285089e-09 -0.0878314605525011
0.2415 -1.34394149692296e-09 1.25849767296416e-09 -0.0878182869588015
0.242 -1.3650520031662e-09 1.34492795929592e-09 -0.0878540863532967
0.2425 -1.36684164480281e-09 1.33585588130917e-09 -0.087781833545025
0.243 -1.37237657129803e-09 1.3411136908814e-09 -0.0877680572541453
0.2435 -1.37679837008241e-09 1.34813644252008e-09 -0.087764975121017
0.244 -1.36854030829069e-09 1.3386190412523e-09 -0.0877528500470657
0.2445 -1.38549699611871e-09 1.47849681379702e-09 -0.0878947619594838
0.245 -1.37118642286411e-09 1.34521977546857e-09 -0.0879087372837298
0.2455 -1.37201534568794e-09 1.37568319389062e-09 -0.0879299934870099
0.246 -1.36787247170744e-09 1.34061277877483e-09 -0.0878896801797313
0.2465 -1.37165944639098e-09 1.33033926132297e-09 -0.0878369535555056
0.247 -1.3721329596338e-09 1.34982484506294e-09 -0.0878389863806303
0.2475 -1.37076383686867e-09 1.36607830730702e-09 -0.0878268856896681
0.248 -1.35519178710713e-09 1.36971348523192e-09 -0.0877932448422656
0.2485 -1.34572528336772e-09 1.36907274170721e-09 -0.0879649708807128
0.249 -1.37435310696259e-09 1.32466235425268e-09 -0.0879622427251989
0.2495 -1.35833365676668e-09 1.35152760231712e-09 -0.0879687898709687
0.25 -1.34373483710754e-09 1.3586179963179e-09 -0.0879095415267056
0.2505 -1.33044132569885e-09 1.36042917434939e-09 -0.087896206115288
0.251 -1.33186196302626e-09 1.34847561095933e-09 -0.0879035652947987
0.2515 -1.33220655744271e-09 1.33139564455335e-09 -0.087891659863256
0.252 -1.27126277308133e-09 1.34529929348197e-09 -0.0879433899111964
0.2525 -1.29257053510733e-09 1.31265013084708e-09 -0.0880544158799791
0.253 -1.15010721654853e-09 1.3275834044633e-09 -0.0880346122958124
0.2535 -1.28647013825106e-09 1.3161469648589e-09 -0.0880145001579618
0.254 -1.27150707409173e-09 1.31955332144318e-09 -0.08796393521948
0.2545 -1.25441127537506e-09 1.30667997276821e-09 -0.0879602953344513
0.255 -1.25380952194943e-09 1.30014392765438e-09 -0.0879506325432192
0.2555 -1.2654069936788e-09 1.28960413803426e-09 -0.0879459447232903
0.256 -1.27465241462999e-09 1.28383767468412e-09 -0.0880401136312556
0.2565 -1.26130174214007e-09 1.28808113195423e-09 -0.0880714462424186
0.257 -1.26841931917176e-09 1.2604472758965e-09 -0.088102290168846
0.2575 -1.23591495036721e-09 1.24740553350488e-09 -0.0880399947376752
0.258 -1.17840806304977e-09 1.22758720501508e-09 -0.0880194759246011
0.2585 -1.16754687282976e-09 1.21058875173615e-09 -0.0880155848607165
0.259 -1.15242336534114e-09 1.20388871141142e-09 -0.088008786829348
0.2595 -1.19421550017288e-09 1.18696025136823e-09 -0.0880747086920177
0.26 -1.14657133973939e-09 1.19276828107827e-09 -0.0881408072314053
0.2605 -1.24653178241097e-09 1.2112200518461e-09 -0.0881393876579474
0.261 -1.16695282141016e-09 1.16641617532176e-09 -0.0881358729227833
0.2615 -1.09611082363758e-09 1.13742414140345e-09 -0.0880827052938664
0.262 -1.04833698944814e-09 1.11146325340941e-09 -0.0880763659917838
0.2625 -1.0353511153229e-09 1.0928397253116e-09 -0.0880691891125342
0.263 -1.04381822665201e-09 1.08023466430991e-09 -0.0880594168675563
0.2635 -1.09599915617213e-09 1.08352671731535e-09 -0.0881599028566799
0.264 -1.04051159117152e-09 1.07281821129919e-09 -0.0881963382106243
0.2645 -1.03139049411987e-09 1.05979132251533e-09 -0.0882393338861907
0.265 -9.82411640153465e-10 9.75450812444186e-10 -0.0881826213461627
0.2655 -9.58949357249449e-10 9.59196837621539e-10 -0.0881325841324135
0.266 -8.43738274409541e-10 9.02924612980685e-10 -0.0881360299610076
0.2665 -8.6532761610339e-10 9.06890935299443e-10 -0.0881200725731339
0.267 -8.77648045251939e-10 9.25258075704053e-10 -0.0881559804004278
0.2675 -7.94529413250689e-10 8.42579256635244e-10 -0.0882646083186643
0.268 -8.98804197578054e-10 8.75531590582999e-10 -0.0882448251001088
0.2685 -7.35145448481786e-10 8.06866724542482e-10 -0.0882787201373434
0.269 -7.4622411341892e-10 7.93236147421801e-10 -0.0882042460107919
0.2695 -7.13751521397086e-10 7.79447108919745e-10 -0.0881870874067742
0.27 -7.01298313474114e-10 7.58824006996475e-10 -0.0881819201104884
0.2705 -7.09921046061945e-10 7.61861868754015e-10 -0.0881671549481044
0.271 -3.72691481750551e-10 5.64774582771538e-10 -0.0883059167563827
0.2715 -6.29656771576451e-10 6.89064550110778e-10 -0.0883177644106983
0.272 -5.64914006293368e-10 6.34442816692768e-10 -0.0883353549763602
0.2725 -6.25618283875911e-10 6.64590842130352e-10 -0.0882928071664639
0.273 -6.05688148310978e-10 6.29923720633628e-10 -0.0882374882386917
0.2735 -5.53208729759943e-10 5.88363838387812e-10 -0.0882377107477079
0.274 -5.24976902434046e-10 5.67098934083151e-10 -0.0882235357917048
0.2745 -4.54165741684335e-10 5.14346742702183e-10 -0.0881931103328124
0.275 -4.03266551951702e-10 4.75645541804092e-10 -0.0883625371922917
0.2755 -5.36542236555259e-10 5.17160174050056e-10 -0.0883531683510007
0.276 -5.54330057991552e-10 5.19664948384662e-10 -0.0883689142876616
0.2765 -4.69971544310548e-10 4.6987863902524e-10 -0.0882999572572504
0.277 -4.170605409781e-10 4.31919906352738e-10 -0.0882848530225565
0.2775 -3.90376707801776e-10 4.19623516430752e-10 -0.0882868303066119
0.278 -3.73974973096856e-10 3.96907439841189e-10 -0.0882688606888131
0.2785 -3.45500458739147e-10 3.47828960439247e-10 -0.0883697189271545
0.279 -3.96557525761626e-10 3.82516716498713e-10 -0.0884110616276338
0.2795 -8.78732136932174e-11 1.71970342500912e-10 -0.0884761059189078
0.28 -3.46681430167454e-10 3.12901576678394e-10 -0.0883901320505745
0.2805 -2.72932168616629e-10 2.66146563919395e-10 -0.0883319890123593
0.281 -2.13750651878603e-10 2.32080678155729e-10 -0.0883309044656875
0.2815 -1.72485533439246e-10 1.91698737588688e-10 -0.088316934660816
0.282 -2.43174788172953e-10 2.25200730481652e-10 -0.0883161319951473
0.2825 -1.20167057483749e-11 4.0869363593999e-11 -0.088450832369576
0.283 -1.62167262221265e-10 1.18884716761964e-10 -0.0884439672842848
0.2835 9.33999730172041e-11 -2.40172672952353e-11 -0.0885114384132752
0.284 -2.37639100302488e-11 3.41180235896152e-11 -0.0884071538664721
0.2845 3.42822944199135e-12 1.70480842307628e-11 -0.088379277709426
0.285 1.34402713676199e-11 -6.88488745233681e-13 -0.0883782452951901
0.2855 1.95314777568245e-11 -9.91612207396894e-12 -0.0883647719431624
0.286 2.02715989897382e-10 -1.38510700074062e-10 -0.0884077857139703
0.2865 1.08931459431887e-10 -9.59385523934002e-11 -0.0885176760488076
0.287 4.82287394328762e-10 -3.589487916229e-10 -0.0884905804737125
0.2875 1.01669468784688e-10 -1.01104258709238e-10 -0.0884723146536612
0.288 1.49761243285614e-10 -1.34881887046733e-10 -0.0884186558294077
0.2885 2.06001479847322e-10 -1.95903073781795e-10 -0.088412079725604
0.289 1.98814759744355e-10 -1.98008378936726e-10 -0.088399460688756
0.2895 1.69397357117014e-10 -1.98702000802274e-10 -0.088391883179401
0.29 2.47619011590346e-10 -2.5737646717453e-10 -0.0884829504745118
0.2905 2.19389998942253e-10 -2.41181795933888e-10 -0.0885105831428959
0.291 1.89145216793179e-10 -2.73242545688829e-10 -0.0885366060616152
0.2915 2.61285351312946e-10 -3.38666605644054e-10 -0.0884719785008325
0.292 3.66319855549337e-10 -4.13127037871187e-10 -0.088449971323351
0.2925 4.01151818096581e-10 -4.57988851947125e-10 -0.0884449298320586
0.293 4.24800652450752e-10 -5.10697482640708e-10 -0.0884369352945205
0.2935 3.2704411922124e-10 -4.84034255836921e-10 -0.0885091385053433
0.294 3.97863971419146e-10 -5.55005269952283e-10 -0.0885722809490378
0.2945 7.1265970282515e-10 -7.99373439811598e-10 -0.0885416816797235
0.295 6.16987776969794e-10 -7.53749970720155e-10 -0.0885812506694607
0.2955 6.51055104232119e-10 -8.2575432959066e-10 -0.0885135024535685
0.296 7.25277741796244e-10 -9.08274828174932e-10 -0.0884978183955641
0.2965 7.58642197461779e-10 -9.58285260404264e-10 -0.0884854645174541
0.297 7.4952540606348e-10 -9.68050097607185e-10 -0.0884749561773639
0.2975 9.29842769043016e-10 -1.10692869872573e-09 -0.0885933998005629
0.298 8.57607797895202e-10 -1.10097784550563e-09 -0.0886123364329295
0.2985 9.92107394028795e-10 -1.20803506754035e-09 -0.0886135769700212
0.299 9.82498695426909e-10 -1.23602990707064e-09 -0.0885554621211195
0.2995 1.14434870459985e-09 -1.37989463036707e-09 -0.0885259773002912
0.3 1.14614117315868e-09 -1.42068964992329e-09 -0.088523669705266
0.3005 1.19203233666114e-09 -1.46196660456149e-09 -0.0885128014200173
0.301 1.16304809797774e-09 -1.48266446139391e-09 -0.08857504439894
0.3015 1.25371962852168e-09 -1.55520624870501e-09 -0.0886385757154273
0.302 1.14399703580513e-09 -1.55339343174494e-09 -0.0886340075375094
0.3025 1.31768223894465e-09 -1.68020679263298e-09 -0.0886255362390876
0.303 1.45584358472341e-09 -1.79747960551256e-09 -0.0885698819313326
0.3035 1.55521932765499e-09 -1.86599957799278e-09 -0.0885602603450134
0.304 1.61552900549718e-09 -1.91984744539143e-09 -0.0885490471786855
0.3045 1.63391827926151e-09 -1.94983065099248e-09 -0.0885383658860982
0.305 1.72094574673055e-09 -2.00065767545599e-09 -0.0886652233051622
0.3055 1.75353688960264e-09 -2.04811028216714e-09 -0.0886787712009357
0.306 1.88599963995945e-09 -2.10523880676856e-09 -0.0886967881842253
0.3065 1.89699650732436e-09 -2.16028870918897e-09 -0.0886459285438239
0.307 1.98830943700056e-09 -2.23229638881955e-09 -0.0886015355619085
0.3075 2.04328480383108e-09 -2.29923323512264e-09 -0.0886030351146083
0.308 2.06748001992157e-09 -2.31409127997901e-09 -0.0885828850588948
0.3085 2.08063871459747e-09 -2.34452731182876e-09 -0.0886134499156822
0.309 2.15425741129677e-09 -2.37868024280919e-09 -0.0887274603722905
0.3095 2.1003413470925e-09 -2.424085045613e-09 -0.0887127826978923
0.31 2.16825660056015e-09 -2.48731895702577e-09 -0.0887054973757188
0.3105 2.26410490101249e-09 -2.53642392233366e-09 -0.0886427972787601
0.311 2.33140755824197e-09 -2.56686991416602e-09 -0.0886321736651546
0.3115 2.36261937550101e-09 -2.59915612683142e-09 -0.0886208628485444
0.312 2.37900198955461e-09 -2.62350736289643e-09 -0.0886062234337863
0.3125 2.38054441275232e-09 -2.67938292153501e-09 -0.0887033018475114
0.313 2.42962640718473e-09 -2.70078496492683e-09 -0.0887361156216877
0.3135 2.46533169509943e-09 -2.75628958244188e-09 -0.0887739340530068
0.314 2.50831665577774e-09 -2.76280268080328e-09 -0.0887143561007295
0.3145 2.55768527660479e-09 -2.73822475771008e-09 -0.0886650000305178
0.315 2.59783776599934e-09 -2.76346309032844e-09 -0.0886655744257062
0.3155 2.62227721787653e-09 -2.77991467550775e-09 -0.0886458023935694
0.316 2.62485164838653e-09 -2.80667064512785e-09 -0.0886698851850215
0.3165 2.63694587780439e-09 -2.7539122219194e-09 -0.0887841811627226
0.317 2.67407363473224e-09 -2.90143497765633e-09 -0.0887645429105871
0.3175 2.69220107654775e-09 -2.85020128407848e-09 -0.0887558842670982
0.318 2.71770154646462e-09 -2.86719937687016e-09 -0.0886970433659161
0.3185 2.74201406784468e-09 -2.86417815513281e-09 -0.0886863961063039
0.319 2.78419349687761e-09 -2.92025338607266e-09 -0.0886762833685496
0.3195 2.79446050366867e-09 -2.93950348185914e-09 -0.0886603577067844
0.32 2.79092349497974e-09 -2.93187042946349e-09 -0.0887481221044136
0.3205 2.7882619639262e-09 -2.93885095290812e-09 -0.0887883128304348
0.321 2.8142183512129e-09 -2.95794987662773e-09 -0.0888317634811134
0.3215 2.84128448059916e-09 -2.98849404877059e-09 -0.0887562723297504
0.322 2.85886426112333e-09 -2.98376520842402e-09 -0.0887113700875884
0.3225 2.79087738464606e-09 -2.83181631472548e-09 -0.0887156664399747
0.323 2.81828022313644e-09 -2.87692255706366e-09 -0.0886978510600759
0.3235 2.8557539414449e-09 -2.93911890341975e-09 -0.0887331196383071
0.324 2.81900414702154e-09 -2.88686417327127e-09 -0.0888418484697051
0.3245 2.9233474216674e-09 -3.04411919214079e-09 -0.088815625843382
0.325 2.76390639415612e-09 -2.76497323098533e-09 -0.0888444518354176
0.3255 2.80477581568444e-09 -2.83056892942449e-09 -0.0887656503733468
0.326 2.79684141320255e-09 -2.81313077726307e-09 -0.0887461968240595
0.3265 2.81080495449708e-09 -2.82237319963232e-09 -0.0887373220121298
0.327 2.84320517634468e-09 -2.87219790752657e-09 -0.0887177239032827
0.3275 2.89131293755498e-09 -2.95712674482002e-09 -0.0887924640473968
0.328 2.82947526050141e-09 -2.87375788146301e-09 -0.088839127032669
0.3285 2.88364078091106e-09 -2.94909097295833e-09 -0.0888776319875326
0.329 2.87347329643737e-09 -2.92503599076132e-09 -0.0888040413093883
0.3295 2.83093605035909e-09 -2.86091026338858e-09 -0.0887600358432315
0.33 2.76063077698557e-09 -2.7327924706206e-09 -0.0887657547077697
0.3305 2.72065338601613e-09 -2.68974280495005e-09 -0.0887472212904493
0.331 2.76223729683577e-09 -2.7390126056198e-09 -0.0887810128551075
0.3315 2.62214696165132e-09 -2.55101071920495e-09 -0.0888879861058079
0.332 2.81446397805258e-09 -2.81148238335851e-09 -0.0888641483714003
0.3325 2.54116458894472e-09 -2.4409409364278e-09 -0.0888939473965681
0.333 2.585663947525e-09 -2.49993419919023e-09 -0.0888150890022704
0.3335 2.54858139475488e-09 -2.45712038305503e-09 -0.0887957479470614
0.334 2.5500986773888e-09 -2.45840420970439e-09 -0.0887864645931957
0.3345 2.59733654954403e-09 -2.52974618856101e-09 -0.0887668894802734
0.335 2.94816165699599e-09 -3.01019152348479e-09 -0.0888447097840265
0.3355 2.62961780819138e-09 -2.60108268866487e-09 -0.0888888632629624
0.336 2.65255924674691e-09 -2.62307216219205e-09 -0.08892785184998
0.3365 2.61027197687e-09 -2.57750075921694e-09 -0.0888535357244913
0.337 2.51685056665763e-09 -2.45790155626843e-09 -0.0888081073181874
0.3375 2.40425344314506e-09 -2.28652550080428e-09 -0.0888130611875882
0.338 2.340285980807e-09 -2.22629033708037e-09 -0.0887945806553746
0.3385 2.39076988224459e-09 -2.28028754190779e-09 -0.0888266870713613
0.339 2.05882307791425e-09 -1.86655859579174e-09 -0.0889318366561351
0.3395 2.40627359300453e-09 -2.31274145179403e-09 -0.0889092766060217
0.34 2.06166830129946e-09 -1.88464869499257e-09 -0.0889395656376887
0.3405 2.11490404778472e-09 -1.95598296294859e-09 -0.0888607280470006
0.341 2.06062586479051e-09 -1.90205835806086e-09 -0.0888410558490643
0.3415 2.05203116943698e-09 -1.88857354175061e-09 -0.0888315411224905
0.342 2.11145968913532e-09 -1.96960103681184e-09 -0.0888118665484218
0.3425 1.35172675583645e-09 -1.05550029224802e-09 -0.0889617603773265
0.343 1.89766466741541e-09 -1.72584071682398e-09 -0.0889579709095501
0.3435 2.07686507084714e-09 -1.95141858093711e-09 -0.0889873717727824
0.344 2.06667252825694e-09 -1.95738573509599e-09 -0.0889080068584784
0.3445 1.94860827572167e-09 -1.8213339375709e-09 -0.0888601115106403
0.345 1.80300776918387e-09 -1.63142384153364e-09 -0.0888638756532932
0.3455 1.72494673111837e-09 -1.56045682897378e-09 -0.0888448217264933
0.346 1.78470245231591e-09 -1.62687096066304e-09 -0.0888763336884901
0.3465 1.35013670561328e-09 -1.12174602513115e-09 -0.0889810418908318
0.347 1.78898484529736e-09 -1.65623439137989e-09 -0.0889582281305891
0.3475 1.37113919951601e-09 -1.1573496497875e-09 -0.0889882122670123
0.348 1.43315968455748e-09 -1.23835701328942e-09 -0.0889090117585891
0.3485 1.36753308234844e-09 -1.1717064987119e-09 -0.0888890522560789
0.349 1.3482331653234e-09 -1.15884523022896e-09 -0.0888792167999914
0.3495 1.41949293865887e-09 -1.23941433376615e-09 -0.0888591363152292
0.35 2.05961523664899e-09 -2.02334930997287e-09 -0.0889369708937322
0.3505 1.50171573299114e-09 -1.36670582364657e-09 -0.0889801922378757
0.351 1.50797634711383e-09 -1.37116357869483e-09 -0.0890184771278694
0.3515 1.44086844664604e-09 -1.28275313968812e-09 -0.0889435530095049
0.352 1.2831042581206e-09 -1.11474473128823e-09 -0.0888977163890167
0.3525 1.10552200807492e-09 -8.90222272418747e-10 -0.0889023489046041
0.353 1.01943815063276e-09 -8.09516282722222e-10 -0.0888832415882681
0.3535 1.08674565700537e-09 -8.87493821339596e-10 -0.0889157144295797
0.354 7.64370276556489e-10 -5.27125803419182e-10 -0.0890216981038787
0.3545 1.1378355109089e-09 -9.71078419345858e-10 -0.0889973904064142
0.355 6.17462675029035e-10 -3.71742558069019e-10 -0.0890265288899211
0.3555 6.83134603520373e-10 -4.52233993737834e-10 -0.0889468821122915
0.356 5.96760523924247e-10 -3.66631726529102e-10 -0.0889268322827897
0.3565 5.83931755082776e-10 -3.56144778336379e-10 -0.0889167924976286
0.357 6.57412392811326e-10 -4.44274503045762e-10 -0.0888962567696621
0.3575 8.83367829129261e-10 -7.1665484086249e-10 -0.0889707713076532
0.358 6.41580359839395e-10 -4.48695601384478e-10 -0.0890158935327697
0.3585 7.27500850187351e-10 -5.48630468356158e-10 -0.0890532812214076
0.359 6.57790946906577e-10 -4.72878742240821e-10 -0.0889784297682104
0.3595 5.12912644622934e-10 -3.12602995424067e-10 -0.0889337851553795
0.36 3.16279972481089e-10 -7.94390706299185e-11 -0.0889388070769336
0.3605 2.31210373294124e-10 7.00585062893979e-12 -0.0889191552785856
0.361 3.06292089801416e-10 -8.01943857469808e-11 -0.0889534916313715
0.3615 8.56840871966528e-11 1.46942850138793e-10 -0.0890612601974399
0.362 4.05682749113769e-10 -2.22802289736013e-10 -0.0890347828523395
0.3625 -1.89152406192969e-10 4.51935838840289e-10 -0.0890627684700609
0.363 -1.18746146665432e-10 3.63755637932827e-10 -0.0889827420560238
0.3635 -2.15513692677557e-10 4.56344352269364e-10 -0.0889620168709045
0.364 -1.31716578430942e-10 3.57517894619779e-10 -0.088946877936446
0.3645 -1.01706286233163e-10 3.14003734906984e-10 -0.0889278007680695
0.365 -1.50902934371913e-10 3.64739506751452e-10 -0.0890005758802937
0.3655 -2.03117556783795e-10 4.15947655895726e-10 -0.0890476070996607
0.366 -2.09572799671243e-10 4.4388286459899e-10 -0.0890922529828429
0.3665 -2.25709605628676e-10 4.24978792672204e-10 -0.0890151534379244
0.367 -2.74457792129248e-10 4.67070884181919e-10 -0.0889690208728702
0.3675 -6.59913700209602e-10 9.02331467417855e-10 -0.0889722432166189
0.368 -5.8157997898789e-10 8.07907268051637e-10 -0.0889529736440793
0.3685 -5.70277112692074e-10 7.65161209949203e-10 -0.0889731183843332
0.369 -6.69129502078366e-10 8.77995055590128e-10 -0.089092981539548
0.3695 -3.15128276370332e-10 4.74844722765658e-10 -0.0890685533758689
0.37 -6.47068932409022e-10 8.45973960699285e-10 -0.0890585919525368
0.3705 -7.57186179434662e-10 9.63021599154485e-10 -0.0889974981434077
0.371 -9.0884489381803e-10 1.12783198420098e-09 -0.0889849681129006
0.3715 -8.61773089917599e-10 1.06968995508033e-09 -0.0889729022595012
0.372 -8.25416544391063e-10 1.01467852083368e-09 -0.0889550473148615
0.3725 -5.56011361059164e-10 7.05776276719805e-10 -0.089050262407863
0.373 -7.76409183354711e-10 9.44140003106056e-10 -0.0890809362514024
0.3735 -7.33514407619199e-10 9.10404570803192e-10 -0.0891182181387045
0.374 -9.33508138928706e-10 1.10093867094719e-09 -0.0890553362301105
0.3745 -1.21681714969022e-09 1.41650785554608e-09 -0.0890036118929394
0.375 -1.36217323694285e-09 1.57135043630263e-09 -0.0890027009984039
0.3755 -1.28138189734746e-09 1.47244320455166e-09 -0.0889812257144974
0.376 -1.25111744937671e-09 1.41530655277604e-09 -0.0890052558027522
0.3765 -1.5032606051855e-09 1.70953413032419e-09 -0.0891181792473258
0.377 -1.01240542385395e-09 1.13488326897668e-09 -0.0890964117713568
0.3775 -1.50676532715696e-09 1.69511394826133e-09 -0.0890820469246198
0.378 -1.47528718043032e-09 1.653333090503e-09 -0.0890219781766832
0.3785 -1.48449822515938e-09 1.65674187606349e-09 -0.0890104237319155
0.379 -1.47603467252185e-09 1.63836729314745e-09 -0.0889966533118868
0.3795 -1.43427899414018e-09 1.58265847364767e-09 -0.0889795303419039
0.38 -1.24302536271353e-09 1.35800797360438e-09 -0.0890743197331966
0.3805 -1.40134457292342e-09 1.51893336111788e-09 -0.0891045898597245
0.381 -1.83621047124252e-09 1.9950448022542e-09 -0.0891306071092462
0.3815 -1.68908481347195e-09 1.81587777665783e-09 -0.089081546576896
0.382 -1.84706591629567e-09 1.98992264852379e-09 -0.0890350831098417
0.3825 -1.88463995038843e-09 2.0291911842146e-09 -0.0890348855745153
0.383 -1.80484492953592e-09 1.93873041291889e-09 -0.089012708980796
0.3835 -1.76282851883894e-09 1.86692363709346e-09 -0.0890412164703057
0.384 -1.97738473389993e-09 2.11282004977889e-09 -0.0891533132046915
0.3845 -1.51559389895311e-09 1.56440447113662e-09 -0.0891355590241247
0.385 -1.63432107861953e-09 1.69684350128532e-09 -0.0891224684540207
0.3855 -1.78553967241915e-09 1.86403585630327e-09 -0.0890579014398912
0.386 -1.88134591132695e-09 1.96468919006298e-09 -0.0890431350487645
0.3865 -1.90286087389451e-09 1.98003120253883e-09 -0.0890278099187401
0.387 -1.8736919829428e-09 1.93753993934891e-09 -0.0890124742514353
0.3875 -2.0298918093459e-09 2.12050378572196e-09 -0.0891356165099992
0.388 -1.96397834948951e-09 2.0441922501816e-09 -0.0891458272599206
0.3885 -2.22712166407403e-09 2.33005559510742e-09 -0.0891602041182881
0.389 -2.04281303222123e-09 2.10370773065991e-09 -0.089106221430167
0.3895 -2.16281496227096e-09 2.24999774586337e-09 -0.0890599666380926
0.39 -2.15541103488658e-09 2.2316988907022e-09 -0.0890592132108121
0.3905 -2.06340038728141e-09 2.1246677799411e-09 -0.0890359525174035
0.391 -2.02863151989643e-09 2.06192822580208e-09 -0.0890697744324667
0.3915 -2.03042493558292e-09 2.06775943434524e-09 -0.0891439793421353
0.392 -1.65341724072526e-09 1.61948107145503e-09 -0.0891391188217293
0.3925 -1.8811999760269e-09 1.87759683133458e-09 -0.0891259231201117
0.393 -2.00228516305775e-09 2.02225112057695e-09 -0.0890655124586192
0.3935 -2.06257928586349e-09 2.08412867595347e-09 -0.0890506893366872
0.394 -2.11159543296897e-09 2.13858077285439e-09 -0.0890355412227559
0.3945 -2.05399121605703e-09 2.06715542038665e-09 -0.0890198368262086
0.395 -2.12049655502849e-09 2.1493944680731e-09 -0.0891413435361992
0.3955 -2.06332434437609e-09 2.06361412865905e-09 -0.0891517488675787
0.396 -2.17061360967968e-09 2.19093566719762e-09 -0.0891468781379305
0.3965 -2.06036131476961e-09 2.05820563839944e-09 -0.0890842712100834
0.397 -2.10410712399776e-09 2.11983088598259e-09 -0.0890563916857951
0.3975 -2.08334675182028e-09 2.08616595212079e-09 -0.0890436668706471
0.398 -2.09307924377755e-09 2.08663283267635e-09 -0.0890284905167248
0.3985 -1.96713224643084e-09 1.93403578181124e-09 -0.0890884200377431
0.399 -1.99055142335421e-09 1.95582366595699e-09 -0.0891485761396891
0.3995 -1.47596707097292e-09 1.32128475869499e-09 -0.0891329032376652
0.4 -1.98388830286506e-09 1.94308014468048e-09 -0.0891435879740818
0.4005 -2.02608056504795e-09 1.98783797070224e-09 -0.0890617238045333
0.401 -2.07460311313882e-09 2.04478860206495e-09 -0.0890365371859173
0.4015 -2.07492852756702e-09 2.03778308444354e-09 -0.0890157427634672
0.402 -2.01894726395269e-09 1.96542636651619e-09 -0.0889970250955031
0.4025 -2.1864476347046e-09 2.17280770441444e-09 -0.0891110345346822
0.403 -2.05980040198708e-09 1.97838817134575e-09 -0.0891201223448736
0.4035 -1.93581657835224e-09 1.84725200062073e-09 -0.0891330845686751
0.404 -1.92647744565883e-09 1.85342401311105e-09 -0.0890553162298785
0.4045 -1.96618779973766e-09 1.90971114218868e-09 -0.0890220872806012
0.405 -1.95992358619721e-09 1.89106250489333e-09 -0.0890071216433873
0.4055 -1.95491945844947e-09 1.87994706495409e-09 -0.0889897318519045
0.406 -1.84091649534099e-09 1.72720168310971e-09 -0.0890507686147918
0.4065 -1.87385640220809e-09 1.761999539899e-09 -0.0891041252356904
0.407 -2.10358646456564e-09 2.05906149266884e-09 -0.089061559007018
0.4075 -1.9336100560459e-09 1.84349986844402e-09 -0.0890860370169823
0.408 -1.88296060712936e-09 1.77863029963057e-09 -0.089001874496926
0.4085 -1.8662074074235e-09 1.77058863328416e-09 -0.088969200013787
0.409 -1.83998483696514e-09 1.73879621867545e-09 -0.0889404255446694
0.4095 -1.78907019367834e-09 1.66249570211464e-09 -0.0889131429189679
0.41 -1.67414843331461e-09 1.49277276361927e-09 -0.0889892676232074
0.4105 -1.6990193630052e-09 1.53941855034577e-09 -0.0890014509926846
0.411 -1.6636471603098e-09 1.5015463669216e-09 -0.0890120894508687
0.4115 -1.64931373871521e-09 1.49689324913288e-09 -0.0889315227728398
0.412 -1.6485927148425e-09 1.52506037167865e-09 -0.088892449816507
0.4125 -1.63313862118842e-09 1.5015298612091e-09 -0.0888711496787667
0.413 -1.62097481622392e-09 1.48755948538211e-09 -0.088845672876956
0.4135 -1.53632587008075e-09 1.3556973256215e-09 -0.0888988315405567
0.414 -1.60390592838812e-09 1.48350621091276e-09 -0.0889553320864611
0.4145 -1.67013436230413e-09 1.58775559390685e-09 -0.0888855171110127
0.415 -1.52839147491113e-09 1.39778406490245e-09 -0.0888840048669507
0.4155 -1.47046998833266e-09 1.31968570522555e-09 -0.0887748515255916
0.416 -1.43607526684352e-09 1.28881513191312e-09 -0.0887170749438748
0.4165 -1.40771594528798e-09 1.25181452260356e-09 -0.0886643837040158
0.417 -1.36975176649141e-09 1.19450646190919e-09 -0.088614258860112
0.4175 -1.39320653514606e-09 1.26824407093216e-09 -0.0887058933201504
0.418 -1.33953710470321e-09 1.14789153181721e-09 -0.088683550193697
0.4185 -1.26000383495717e-09 1.07544630790691e-09 -0.0886673615983231
0.419 -1.22417542530152e-09 1.02491688843933e-09 -0.0885629939759781
0.4195 -1.18938386731898e-09 1.01401948343204e-09 -0.0885005570360081
0.42 -1.15870662504104e-09 9.74285693835229e-10 -0.0884571134808096
0.4205 -1.13482574245971e-09 9.47429740757435e-10 -0.0884063545599933
0.421 -1.09504013932937e-09 8.69962621403798e-10 -0.0884204202958876
0.4215 -1.06834306747953e-09 8.55626296812371e-10 -0.0884257531439809
0.422 -1.00226879107261e-09 6.50336882187867e-10 -0.0883408752263455
0.4225 -9.94729758681324e-10 7.68164074893277e-10 -0.0882702887633631
0.423 -9.44155524816751e-10 7.28018891316205e-10 -0.0880805877226271
0.4235 -9.02948608114718e-10 6.88681322093118e-10 -0.0879386581156285
0.424 -8.75024748299155e-10 6.65735261990753e-10 -0.0878038569186469
0.4245 -8.5017386713533e-10 6.23107909936885e-10 -0.0876754273917964
0.425 -8.19016638775775e-10 5.54782656392146e-10 -0.0876721448260207
0.4255 -7.86980600855921e-10 5.42776459356097e-10 -0.0876021399086358
0.426 -7.50934642727403e-10 5.52661743361779e-10 -0.0875316504136648
0.4265 -6.95603483637884e-10 4.61803783014539e-10 -0.0873965194370901
0.427 -6.25757312890848e-10 3.87113643511038e-10 -0.0872510659355555
0.4275 -5.86510668705936e-10 3.66523826077691e-10 -0.0871558673377179
0.428 -5.58013973699876e-10 3.33949978858693e-10 -0.0870248167259524
0.4285 -5.31039861167345e-10 2.94367253352999e-10 -0.0868914280201387
0.429 -5.01012350344273e-10 2.40792410614943e-10 -0.0867731859551506
0.4295 -4.69100856664389e-10 1.83928741123243e-10 -0.0865009658332686
0.43 -4.12606816964724e-10 1.34147639996138e-10 -0.0861744869137187
0.4305 -3.57707284119461e-10 9.40812577065893e-11 -0.0856343145733302
0.431 -3.10946513547098e-10 6.15188133926367e-11 -0.0850799900438543
0.4315 -2.76144354003013e-10 1.31293702741984e-11 -0.08455268011499
0.432 -2.77245167620455e-10 -1.98523925020859e-11 -0.0840580616796822
0.4325 -2.70530734909563e-10 -8.14072906597755e-11 -0.0837325092607063
0.433 -2.48027586764553e-10 -7.97409767047739e-11 -0.0834987943697161
0.4335 -2.42158941865811e-10 -1.43345156374811e-10 -0.0832190275728193
0.434 -1.97137524375707e-10 -1.44985724919731e-10 -0.083141376428821
0.4345 -1.66158944883407e-10 -1.63969596982017e-10 -0.0830889512964427
0.435 -1.51334405455087e-10 -1.7050312708307e-10 -0.0831197128773329
0.4355 -1.42080167994871e-10 -1.6971573060602e-10 -0.0831306238248702
0.436 -1.62689569170235e-10 -1.40707172944788e-10 -0.082865339803836
0.4365 -1.85334792507922e-10 -1.7836093517994e-10 -0.0821900953752726
0.437 -1.53333682007596e-10 -2.25505962354426e-10 -0.0810726519400894
0.4375 -9.14315554417836e-11 -3.63052367076854e-10 -0.0793445573642769
0.438 5.30958707818632e-11 -5.73551503442034e-10 -0.076987877412417
0.4385 2.32960295726761e-10 -7.28555988873278e-10 -0.0737993897428866
0.439 3.75791512142494e-10 -9.73902110227601e-10 -0.0705059335112425
0.4395 3.55928612393395e-09 -4.0632872520085e-09 0.0338332270855002
0.44 6.05577406553308e-09 -6.40592731418406e-09 0.0249910809332719
0.4405 6.38792462744575e-09 -6.81797756834437e-09 0.0209280606564159
0.441 6.3867812288405e-09 -6.81916935957473e-09 0.0181503700379996
0.4415 6.31333286230247e-09 -6.73219995782147e-09 0.015959540321778
0.442 6.24784907672352e-09 -6.63412211040319e-09 0.0141063408238522
0.4425 6.18228070644843e-09 -6.55885008710726e-09 0.0124622065657651
0.443 6.1256953617337e-09 -6.48384447983606e-09 0.0109702765285865
0.4435 6.07906931679409e-09 -6.42250261215258e-09 0.00959685715444668
0.444 6.05562177467567e-09 -6.40326403686508e-09 0.0083194007230514
0.4445 6.04113501229558e-09 -6.38663606828968e-09 0.0071281596893543
0.445 6.03053709745301e-09 -6.36970124620498e-09 0.00601280548849847
0.4455 6.02160179791094e-09 -6.36137752312117e-09 0.00496408781800428
0.446 6.01665473927244e-09 -6.35279873195995e-09 0.00397439738213805
0.4465 6.01616208980741e-09 -6.34490915424493e-09 0.00303741632729027
0.447 6.01356498911611e-09 -6.34422164094665e-09 0.00214786252259661
0.4475 6.02066738744115e-09 -6.34007732390044e-09 0.00130154713270808
0.448 6.03035171911991e-09 -6.33707333026822e-09 0.000495258591902691
0.4485 6.03527577950997e-09 -6.34457015525917e-09 -0.000273395358865504
0.449 6.03876867009608e-09 -6.33025692138253e-09 -0.00100630782371161
0.4495 6.06380378253243e-09 -6.35569901648888e-09 -0.00170490859867619
0.45 6.05896227687349e-09 -6.33874018254777e-09 -0.00237030111713308
0.4505 6.06416022066824e-09 -6.33887390597467e-09 -0.00300323071708593
0.451 6.06667426042752e-09 -6.33553712038069e-09 -0.00360435170777345
0.4515 6.06743588444353e-09 -6.32931930422706e-09 -0.00417435178040258
0.452 6.06660538916008e-09 -6.32135691441832e-09 -0.00471395647764806
0.4525 6.06526555788923e-09 -6.31415966649185e-09 -0.00522393369729937
0.453 6.06308194970768e-09 -6.30596074562446e-09 -0.00570517945067051
0.4535 6.06169686084113e-09 -6.30112711768351e-09 -0.006158829883786
0.454 6.06316356212395e-09 -6.31596282765521e-09 -0.00658626338191857
0.4545 6.04994587724266e-09 -6.29471952138768e-09 -0.00698909740896177
0.455 6.01340413204214e-09 -6.25287736266015e-09 -0.0073682735926412
0.4555 5.9768946018008e-09 -6.20819503946999e-09 -0.00772310388015784
0.456 5.93219640171272e-09 -6.17653931928776e-09 -0.0080537419198063
0.4565 5.88957948195573e-09 -6.13890892481038e-09 -0.00836107771025699
0.457 5.85737104213038e-09 -6.08686306877412e-09 -0.00864649727428109
0.4575 5.82682174894691e-09 -6.03650956513377e-09 -0.00891377728004961
0.458 5.81840693204248e-09 -6.00980738620068e-09 -0.00916701977869534
0.4585 5.81163020817715e-09 -5.99023919624047e-09 -0.00940787416652852
0.459 5.81843720579002e-09 -5.95072666478693e-09 -0.00963878110711048
0.4595 5.8349791335685e-09 -5.91121505969225e-09 -0.00986178819738649
0.46 5.83556097951291e-09 -5.87392348967247e-09 -0.0100761579606442
0.4605 5.84379868937615e-09 -5.82539639805601e-09 -0.0102814897797424
0.461 5.77107501563641e-09 -5.74754255960438e-09 -0.0104802508164711
0.4615 5.74273930248732e-09 -5.6968466368668e-09 -0.0106710536577937
0.462 5.70269664898852e-09 -5.65969195084205e-09 -0.0108540802854699
0.4625 4.67272126615923e-09 -4.65847418752237e-09 -0.00889546214307915
0.463 5.08399541840737e-09 -4.98648797036618e-09 0.00468474041686137
0.4635 4.93774007832169e-09 -4.85027080385911e-09 0.00331300983876454
0.464 4.85678338581706e-09 -4.68766935510931e-09 0.00231486009582831
0.4645 4.6745251363828e-09 -4.55605980375769e-09 0.00146808500837119
0.465 4.6054915517953e-09 -4.41394852153274e-09 0.000706930260049412
0.4655 4.51318244370135e-09 -4.29844741836121e-09 4.72985599850498e-06
0.466 4.4327252537626e-09 -4.28938965552071e-09 -0.000651757963527484
0.4665 4.35883558291416e-09 -4.20270924128849e-09 -0.00127027958548834
0.467 4.27137110080593e-09 -4.09675790634428e-09 -0.00185588111003479
0.4675 4.20523588603878e-09 -4.03101165589308e-09 -0.00241207128529883
0.468 4.14506770124197e-09 -3.96701373515564e-09 -0.00294145377990358
0.4685 4.08802756285473e-09 -3.90457097569508e-09 -0.00344608855456723
0.469 3.34990900914358e-09 -3.24281356819702e-09 -0.00250237525905526
0.4695 3.79945182204759e-09 -3.60204781690695e-09 0.0014236967367822
0.47 3.67525434076036e-09 -3.42211124239239e-09 0.000553860662504382
0.4705 3.60765102196811e-09 -3.32447861859259e-09 -0.000168431158338859
0.471 3.52098877126552e-09 -3.22694273593067e-09 -0.000821501625030335
0.4715 3.44496200314396e-09 -3.14383171177911e-09 -0.00142898219744311
0.472 3.37112609984995e-09 -3.06093001425865e-09 0.00120802096404082
0.4725 3.23333105848659e-09 -2.90564221991288e-09 0.000143073845560249
0.473 3.13593889429547e-09 -2.82470994533035e-09 -0.000546440457707967
0.4735 3.06096767286963e-09 -2.73579546321453e-09 0.000600547323655283
0.474 2.94149471359036e-09 -2.66029161922068e-09 -0.000227425518941474
0.4745 2.87828558719821e-09 -2.56150282533433e-09 0.000255544854999123
0.475 2.81153148845604e-09 -2.50283343744747e-09 -2.4732492885856e-05
0.4755 2.74534276815488e-09 -2.41673290339895e-09 -8.47813709324859e-05
0.476 2.68296366419641e-09 -2.33908916594064e-09 7.4089673955151e-06
0.4765 2.6216028192959e-09 -2.26172657468983e-09 2.51862078238292e-05
0.477 2.5590206824529e-09 -2.18184790467063e-09 -2.52598992705905e-06
0.4775 2.4970708454158e-09 -2.10100782176181e-09 -7.2477230362383e-06
0.478 2.43416304034057e-09 -2.02070210940535e-09 8.75066940419674e-07
0.4785 2.37188223764955e-09 -1.93812195314519e-09 2.21153312675539e-06
0.479 2.30903878438989e-09 -1.85997800556038e-09 -1.96004760668167e-07
0.4795 2.2443625659018e-09 -1.77662838871836e-09 -5.55561395994645e-07
0.48 2.18136939891266e-09 -1.69723637702405e-09 1.5745037437094e-07
0.4805 2.1185246287397e-09 -1.61517968942984e-09 2.5117430828171e-07
0.481 2.0510816475056e-09 -1.53169340853484e-09 3.93993161326768e-08
0.4815 1.98483756117128e-09 -1.45264355260545e-09 1.77139504055427e-08
0.482 1.91667588869547e-09 -1.36769777330529e-09 8.00795313355411e-08
0.4825 1.84595805373628e-09 -1.283050286304e-09 8.51192568674714e-08
0.483 1.78012892419142e-09 -1.20311636803773e-09 6.62107443247886e-08
0.4835 1.71002591771054e-09 -1.11929577850906e-09 6.65734077450027e-08
0.484 1.64270729683725e-09 -1.03598642183844e-09 7.10497911359307e-08
0.4845 1.57880792828199e-09 -9.58710933228449e-10 7.13406670199602e-08
0.485 1.50600268473808e-09 -8.7518673896112e-10 7.06651919504857e-08
0.4855 1.43805026527374e-09 -7.94345982482055e-10 6.96921955215236e-08
0.486 1.36921658961911e-09 -7.11689080643502e-10 7.01888343350557e-08
0.4865 1.29987519469198e-09 -6.26742046887674e-10 6.99491151223161e-08
0.487 1.23220565431844e-09 -5.49147090406283e-10 6.97390639997538e-08
0.4875 1.16177499837151e-09 -4.66449793233151e-10 6.95395364701183e-08
0.488 1.09104267350011e-09 -3.81470340270926e-10 6.90837789006823e-08
0.4885 1.01924079944171e-09 -2.95586593791582e-10 6.86275153591196e-08
0.489 9.51803174152497e-10 -2.13898526227593e-10 6.95184758435132e-08
0.4895 8.83006136515494e-10 -1.30670741122853e-10 6.85375041666434e-08
0.49 8.10280982947582e-10 -5.1990622578583e-11 6.88242304884936e-08
0.4905 7.40093222518077e-10 2.9335138405858e-11 6.87597504376221e-08
0.491 6.7397660369892e-10 1.06045902105731e-10 6.8354002181253e-08
0.4915 6.09133601464064e-10 1.88043409403598e-10 6.79495779579293e-08
0.492 5.37592708092988e-10 2.72742286925219e-10 6.77784171663458e-08
0.4925 4.69184251549803e-10 3.51362698125002e-10 6.74605144751217e-08
0.493 4.00922624968024e-10 4.30503596871447e-10 6.69633039288697e-08
0.4935 3.29551431606e-10 5.18111025470323e-10 6.66917341877217e-08
0.494 2.66175050202215e-10 5.90315610501409e-10 6.67707495883912e-08
0.4945 1.95604523040326e-10 6.7482917788336e-10 6.58855907456899e-08
0.495 1.26121764058371e-10 7.59083055051712e-10 6.58702038454517e-08
0.4955 5.99327366667414e-11 8.36842413984034e-10 6.53498161894051e-08
0.496 -9.22915003837238e-12 9.18621737518658e-10 6.44856870089062e-08
0.4965 -7.43216794749335e-11 9.91596812511407e-10 6.37900818024186e-08
0.497 -1.41879666934097e-10 1.0752264460951e-09 6.47480678716271e-08
0.4975 -2.07578803400186e-10 1.1556544973533e-09 6.3988409569873e-08
0.498 -2.75429755223452e-10 1.23237431712456e-09 6.30332541404934e-08
0.4985 -3.39086228061654e-10 1.31178193131762e-09 6.30055744972173e-08
0.499 -4.07756424303277e-10 1.390460982668e-09 6.25364188094787e-08
0.4995 -4.77688393009879e-10 1.46400026552081e-09 6.20992035479129e-08
0.5 -5.44657980042751e-10 1.5519122101269e-09 6.16468614956838e-08
