#
0.0008 0.00499999999997121  0.00499999999998643  0.0349990952830388
0.0016 0.0049999999997014  0.00499999999988315  0.0349972997831304
0.0024 0.00499999999927591  0.004999999999712  0.0349946175080884
0.0032 0.00499999999846627  0.00499999999952437  0.0349910532991092
0.004 0.00499999999734582  0.00499999999942122  0.0349866112706327
0.0048 0.00499999999621022  0.00499999999920928  0.0349812939977901
0.0056 0.00499999999505532  0.00499999999868897  0.0349751019349395
0.0064 0.00499999999382678  0.00499999999789038  0.0349680323409327
0.0072 0.00499999999240284  0.00499999999698007  0.0349600768093889
0.008 0.00499999999057581  0.00499999999606452  0.0349511964851303
0.0088 0.00499999998839305  0.00499999999519775  0.0349413922582011
0.0096 0.00499999998635243  0.00499999999450302  0.0349307038143207
0.0104 0.00499999998453995  0.00499999999386804  0.0349191802867312
0.0112 0.00499999998283596  0.00499999999330384  0.0349068507486641
0.012 0.00499999998119555  0.00499999999293101  0.0348937321872761
0.0128 0.00499999997957497  0.00499999999282767  0.0348798380796211
0.0136 0.00499999997804146  0.00499999999308872  0.0348651766125111
0.0144 0.00499999997673354  0.00499999999367451  0.0348497528146338
0.0152 0.00499999997567415  0.0049999999944584  0.0348335629559767
0.016 0.00499999997478075  0.00499999999554377  0.0348166101897886
0.0168 0.00499999997410262  0.00499999999693505  0.0347989003524113
0.0176 0.00499999997357855  0.00499999999851421  0.0347804454853313
0.0184 0.00499999997326518  0.00500000000026609  0.0347612531750406
0.0192 0.00499999997315831  0.00500000000219583  0.0347413160609939
0.02 0.00499999997330264  0.00500000000432236  0.0347206078976217
0.0208 0.00499999997357255  0.00500000000679082  0.0346990537646685
0.0216 0.00499999997383673  0.00500000000954863  0.0346766687499707
0.0224 0.00499999997432849  0.00500000001249932  0.0346535280000776
0.0232 0.00499999997518603  0.00500000001573382  0.0346296619686969
0.024 0.00499999997657149  0.00500000001935321  0.0346050382520383
0.0248 0.00499999997815594  0.00500000002343223  0.0345796731973711
0.0256 0.00499999998003702  0.00500000002791494  0.0345536190388047
0.0264 0.00499999998227856  0.00500000003275369  0.0345269161771893
0.0272 0.0049999999849718  0.00500000003794065  0.0344995625132604
0.028 0.00499999998806681  0.00500000004333134  0.0344715507098972
0.0288 0.00499999999158748  0.00500000004897899  0.0344428849137304
0.0296 0.0049999999955755  0.00500000005504791  0.0344135715693428
0.0304 0.00500000000014475  0.00500000006159518  0.0343836012728186
0.0312 0.00500000000515765  0.00500000006884985  0.0343529035371819
0.032 0.00500000001024633  0.00500000007625894  0.034321586644131
0.0328 0.00500000001563902  0.00500000008386264  0.0342896563119875
0.0336 0.00500000002140111  0.00500000009255076  0.0342570191486012
0.0344 0.00500000002743776  0.00500000010208958  0.034223755825838
0.0352 0.00500000003365189  0.00500000011178599  0.034189919224569
0.036 0.0050000000400269  0.0050000001215471  0.0341555143384867
0.0368 0.00500000004648261  0.00500000013133273  0.0341205295229442
0.0376 0.00500000005294925  0.0050000001409059  0.0340849750259544
0.0384 0.00500000005960535  0.00500000015042466  0.0340488374592436
0.0392 0.00500000006574372  0.0050000001586548  0.0340119940428624
0.04 0.00500000007123429  0.0050000001656529  0.0339744882685367
0.0408 0.00500000007704356  0.00500000017340756  0.0339363737796667
0.0416 0.00500000008367843  0.00500000018349013  0.0338976612618899
0.0424 0.00500000009037073  0.00500000019410652  0.0338585003321573
0.0432 0.00500000009687826  0.00500000020429711  0.0338188539429153
0.044 0.00500000010328504  0.00500000021446337  0.0337786978968992
0.0448 0.00500000010951945  0.00500000022444938  0.0337380418131173
0.0456 0.00500000011565731  0.00500000023424708  0.0336968367021493
0.0464 0.00500000011925869  0.00500000023919831  0.0336550025950396
0.0472 0.00500000012240145  0.00500000024359954  0.0336126484160083
0.048 0.00500000012458027  0.00500000024643774  0.0335697686463674
0.0488 0.00500000012582859  0.00500000024761046  0.0335264293541451
0.0496 0.00500000012672187  0.00500000024806367  0.0334826508061211
0.0504 0.00500000012730035  0.00500000024824207  0.033438422375231
0.0512 0.00500000012792605  0.00500000024889904  0.0333937483642602
0.052 0.00500000013003207  0.00500000025287775  0.0333484843873445
0.0528 0.00500000013449604  0.00500000026240032  0.0333027375563746
0.0536 0.00500000013937344  0.00500000027336068  0.0332565390709808
0.0544 0.00500000014275121  0.00500000028197775  0.0332099000517197
0.0552 0.00500000014522903  0.00500000028911664  0.0331628939869513
0.056 0.00500000014748748  0.00500000029629761  0.0331155018295159
0.0568 0.00500000014957366  0.00500000030364502  0.0330677373281006
0.0576 0.0050000001506032  0.00500000030948437  0.0330195282907333
0.0584 0.00500000015311703  0.00500000031960082  0.0329708170767435
0.0592 0.00500000015647266  0.00500000033261511  0.0329217044036004
0.06 0.00500000015825656  0.0050000003432222  0.0328722050189669
0.0608 0.00500000015937273  0.00500000035293807  0.0328223948921734
0.0616 0.00500000016025095  0.00500000036268043  0.0327722360036349
0.0624 0.00500000016065294  0.00500000037206071  0.0327217216946832
0.0632 0.0050000001579173  0.00500000037520262  0.0326706988137477
0.064 0.00500000014819867  0.00500000036325826  0.0326192849549315
0.0648 0.00500000014126299  0.00500000035950074  0.0325675609197133
0.0656 0.00500000013542072  0.00500000035999236  0.0325156611281409
0.0664 0.00500000012925755  0.00500000036143264  0.0324634986728199
0.0672 0.00500000012227534  0.00500000036227162  0.0324110253120789
0.068 0.00500000011424597  0.00500000036127253  0.0323582419394363
0.0688 0.00500000010365596  0.0050000003535173  0.0323050069669942
0.0696 0.00500000009266786  0.0050000003458595  0.0322514377407376
0.0704 0.00500000008086166  0.00500000033654776  0.0321976243147192
0.0712 0.00500000006841352  0.00500000032620523  0.0321435743896207
0.072 0.00500000005560395  0.00500000031541399  0.0320892611115456
0.0728 0.0050000000425619  0.00500000030513272  0.032034655707141
0.0736 0.00500000002929543  0.00500000029478118  0.0319797176846493
0.0744 0.00500000001600089  0.00500000028864457  0.0319245776802847
0.0752 0.00500000000271716  0.00500000028740642  0.0318691616573503
0.076 0.00499999998904262  0.00500000028595182  0.0318135559897464
0.0768 0.00499999997501263  0.00500000028357944  0.0317577141154385
0.0776 0.00499999996060819  0.00500000028147634  0.0317015987118502
0.0784 0.00499999994611728  0.00500000027923591  0.0316451734521116
0.0792 0.00499999992999961  0.00500000028375639  0.0315885833846636
0.08 0.00499999991160475  0.00500000029781087  0.0315317495773522
0.0808 0.00499999989267053  0.00500000031306136  0.0314747474074097
0.0816 0.00499999987349361  0.00500000032807605  0.0314175458525652
0.0824 0.00499999985345851  0.00500000034451521  0.0313600793310698
0.0832 0.00499999983671316  0.00500000035286533  0.0313021957367468
0.084 0.00499999982182754  0.00500000035665786  0.0312440262019353
0.0848 0.00499999981019674  0.0050000003530629  0.0311856972029834
0.0856 0.00499999979860206  0.00500000034878077  0.0311272420580261
0.0864 0.00499999978679106  0.00500000034460378  0.0310685876496603
0.0872 0.00499999977362768  0.0050000003422995  0.0310096897968095
0.088 0.00499999975562471  0.00500000034749463  0.0309505456635626
0.0888 0.00499999972940226  0.00500000036450248  0.0308912014810896
0.0896 0.00499999970178402  0.00500000038359244  0.0308317290569838
0.0904 0.00499999967373177  0.00500000040330539  0.0307721082053577
0.0912 0.00499999964489031  0.00500000042405831  0.0307123394780589
0.092 0.00499999961863459  0.00500000044179464  0.0306522727310803
0.0928 0.00499999958684734  0.00500000046620231  0.0305920052957818
0.0936 0.00499999954875442  0.00500000049787935  0.0305317094482853
0.0944 0.00499999950889795  0.00500000053155744  0.0304713755718077
0.0952 0.00499999946889525  0.00500000056531534  0.0304109280811204
0.096 0.0049999994327706  0.00500000059489565  0.0303503520991701
0.0968 0.00499999940104383  0.00500000062012994  0.0302894839505929
0.0976 0.00499999936876013  0.00500000064630668  0.0302283897381632
0.0984 0.00499999932921352  0.00500000068019369  0.0301673182675447
0.0992 0.0049999992898533  0.00500000071389111  0.0301061600815917
0.1 0.00499999924980885  0.00500000074820034  0.0300448866486848
0.1008 0.00499999921356595  0.00500000077880768  0.0299833367057902
0.1016 0.00499999916031344  0.00500000082627051  0.0299216400240106
0.1024 0.00499999909563143  0.00500000088517165  0.0298597800025842
0.1032 0.00499999903243511  0.00500000094282089  0.0297978433034092
0.104 0.00499999897352265  0.00500000099649576  0.0297357861218411
0.1048 0.00499999891000135  0.00500000105480202  0.0296735602058253
0.1056 0.00499999882707518  0.00500000113204619  0.0296111611234628
0.1064 0.00499999876268375  0.00500000119130374  0.029548828304909
0.1072 0.0049999987035536  0.00500000124527161  0.0294864624048325
0.108 0.00499999864445409  0.0050000012991347  0.0294239793567522
0.1088 0.00499999858514467  0.00500000135332788  0.0293613196721485
0.1096 0.00499999851701459  0.00500000141609253  0.0292985748765456
0.1104 0.00499999845332951  0.0050000014745227  0.0292358233421752
0.1112 0.0049999983833272  0.00500000153926427  0.0291730387104588
0.112 0.00499999832295059  0.00500000159490147  0.0291102104953719
0.1128 0.00499999826243614  0.00500000165053604  0.0290472960099988
0.1136 0.00499999822681953  0.00500000168237551  0.0289842519557756
0.1144 0.0049999981790355  0.00500000172602263  0.02892092537376
0.1152 0.00499999810929302  0.00500000179094821  0.0288574200656953
0.116 0.00499999804354418  0.00500000185239602  0.028793856103728
0.1168 0.00499999798584486  0.00500000190642931  0.0287301819213086
0.1176 0.00499999792973713  0.0050000019591223  0.0286663702069026
0.1184 0.00499999785191797  0.00500000203233902  0.0286025501819911
0.1192 0.00499999783864537  0.00500000204449368  0.0285386655364254
0.12 0.00499999787098579  0.00500000201342614  0.0284748095798987
0.1208 0.00499999791483538  0.00500000197128978  0.0284109083649023
0.1216 0.00499999796912104  0.00500000191923154  0.0283468295393095
0.1224 0.00499999800043396  0.00500000188902653  0.0282825887539169
0.1232 0.0049999979397757  0.00500000194581574  0.028218226476508
0.124 0.00499999785894079  0.00500000202185417  0.0281538311712631
0.1248 0.00499999777354221  0.00500000210235224  0.0280893587709942
0.1256 0.00499999768321984  0.00500000218771561  0.028024722371517
0.1264 0.00499999764995997  0.00500000221948074  0.0279597583282326
0.1272 0.00499999762839212  0.00500000224054476  0.0278946654079504
0.128 0.00499999757818746  0.00500000228894409  0.0278296694544219
0.1288 0.00499999753171571  0.00500000233396098  0.0277646538274839
0.1296 0.00499999750397347  0.00500000236143889  0.0276995857100633
0.1304 0.00499999746807078  0.00500000239673665  0.0276344913344618
0.1312 0.00499999742176463  0.00500000244191466  0.027569371435904
0.132 0.00499999748065176  0.00500000238759613  0.0275042817541602
0.1328 0.00499999757461012  0.00500000230013271  0.0274391964981617
0.1336 0.0049999976683305  0.00500000221295464  0.0273740720007018
0.1344 0.0049999977725843  0.0050000021158031  0.0273087133676728
0.1352 0.00499999788875081  0.00500000200733663  0.02724342858424
0.136 0.00499999803542003  0.00500000186985998  0.027178211823258
0.1368 0.00499999817847053  0.00500000173586342  0.0271129815944219
0.1376 0.00499999831641313  0.00500000160687475  0.0270476938460176
0.1384 0.00499999847516317  0.00500000145816925  0.0269823303759902
0.1392 0.00499999861475525  0.00500000132808828  0.0269167417789372
0.14 0.00499999871963446  0.00500000123145708  0.0268510078808971
0.1408 0.00499999882081645  0.00500000113852167  0.0267852755399361
0.1416 0.00499999891791341  0.00500000104961967  0.0267194649835785
0.1424 0.00499999899644177  0.00500000097887241  0.0266534529149885
0.1432 0.00499999905812967  0.00500000092484244  0.0265871836676825
0.144 0.00499999910744529  0.00500000088306162  0.0265207951852855
0.1448 0.00499999915593638  0.00500000084213115  0.0264544181623107
0.1456 0.0049999992041049  0.00500000080171009  0.0263879696418927
0.1464 0.00499999925278518  0.00500000076094599  0.0263212473049867
0.1472 0.00499999931404015  0.00500000070773707  0.0262542593920862
0.148 0.00499999937347999  0.00500000065648704  0.0261871533210038
0.1488 0.00499999943203321  0.00500000060614105  0.0261200832259705
0.1496 0.00499999948999668  0.00500000055654679  0.0260529552295319
0.1504 0.00499999954036482  0.00500000051536054  0.0259856466327496
0.1512 0.0049999995827556  0.00500000048323698  0.0259181109667105
0.152 0.00499999961829468  0.00500000045887676  0.0258504772842713
0.1528 0.00499999965318022  0.00500000043517908  0.0257829027225507
0.1536 0.00499999968711278  0.00500000041253826  0.0257152996742412
0.1544 0.00499999972380121  0.00500000038606789  0.0256476936811421
0.1552 0.00499999976151722  0.00500000035797327  0.0255800202136777
0.156 0.00499999980056454  0.0050000003275375  0.02551245500763
0.1568 0.00499999983912012  0.00500000029761094  0.0254449355459593
0.1576 0.00499999987671624  0.00500000026893003  0.0253773964172051
0.1584 0.00499999991420803  0.00500000023989882  0.0253096730653222
0.1592 0.00499999995096057  0.00500000021079052  0.0252420341846599
0.16 0.00499999998780874  0.00500000017944497  0.0251745974750322
0.1608 0.00500000002433782  0.00500000014721242  0.025107253612598
0.1616 0.00500000006047564  0.00500000011537768  0.0250399146727572
0.1624 0.00500000009764091  0.00500000008709691  0.0249724272602293
0.1632 0.0050000001336709  0.00500000005918116  0.0249049223347199
0.164 0.00500000016668925  0.00500000002990406  0.024837480150746
0.1648 0.00500000019791092  0.00500000000041465  0.0247701038081259
0.1656 0.00500000022845894  0.00499999997122906  0.0247027669004377
0.1664 0.00500000026298546  0.00499999994214176  0.024635275568514
0.1672 0.00500000029891524  0.00499999991334831  0.0245677873292813
0.168 0.00500000032688713  0.0049999998867928  0.0245003760265525
0.1688 0.00500000035192634  0.00499999986129869  0.0244330052705571
0.1696 0.00500000037559088  0.0049999998364968  0.0243656529134104
0.1704 0.00500000039969142  0.00499999981186733  0.0242983265120108
0.1712 0.00500000042162436  0.0049999997885109  0.0242310721172652
0.172 0.0050000004453656  0.00499999976471962  0.0241638629319761
0.1728 0.00500000046574496  0.00499999974302782  0.0240966621206429
0.1736 0.00500000048213653  0.00499999972383944  0.0240294051409839
0.1744 0.00500000049702577  0.00499999970582995  0.0239621697884952
0.1752 0.0050000005060442  0.00499999969144534  0.0238950251509691
0.176 0.00500000051660076  0.00499999967653049  0.023827956440885
0.1768 0.0050000005254762  0.00499999966299747  0.0237608735903582
0.1776 0.00500000053126883  0.00499999965176314  0.0236937183478441
0.1784 0.00500000053197947  0.00499999964410399  0.0236266068646222
0.1792 0.00500000053414186  0.00499999963554862  0.0235595241844927
0.18 0.00500000054281904  0.00499999962285325  0.0234925965566901
0.1808 0.0050000005506164  0.00499999961099305  0.0234256528027751
0.1816 0.00500000055633402  0.00499999960083654  0.0233586150218344
0.1824 0.00500000054310223  0.00499999960453151  0.0232913024444167
0.1832 0.00500000052610509  0.00499999961119276  0.023223909706596
0.184 0.00500000051411944  0.00499999961442446  0.0231566785105002
0.1848 0.00500000050218317  0.00499999961774086  0.0230894294961675
0.1856 0.00500000049154737  0.00499999962018235  0.0230220647116323
0.1864 0.00500000047053267  0.00499999963089058  0.0229543731432134
0.1872 0.00500000044898953  0.00499999964222203  0.0228864536674415
0.188 0.00500000042715836  0.00499999965401884  0.0228185640612386
0.1888 0.00500000040462603  0.00499999966656399  0.0227506542754173
0.1896 0.00500000038106358  0.00499999968018345  0.0226827552639528
0.1904 0.00500000035572191  0.00499999969553069  0.0226147233185784
0.1912 0.00500000035085002  0.00499999969370966  0.0225466177732375
0.192 0.00500000035213032  0.00499999968677599  0.0224785593019683
0.1928 0.0050000003552401  0.00499999967834837  0.0224105227073484
0.1936 0.00500000035758722  0.00499999967069748  0.0223423568972377
0.1944 0.00500000036229124  0.00499999966085156  0.0222741007654121
0.1952 0.00500000036645267  0.00499999965139958  0.0222059249030246
0.196 0.00500000036817202  0.00499999964406825  0.0221379203592115
0.1968 0.00500000036884853  0.00499999963750026  0.0220699665402045
0.1976 0.00500000037126856  0.00499999962914232  0.0220019707715736
0.1984 0.00500000037963207  0.00499999961493707  0.0219339327119951
0.1992 0.00500000038648136  0.00499999960230147  0.0218658821918016
0.2 0.00500000039273921  0.00499999959028669  0.0217979016159901
0.2008 0.00500000039427971  0.00499999958322167  0.0217299224269554
0.2016 0.00500000039388397  0.0049999995783055  0.0216618985831
0.2024 0.00500000039378563  0.00499999957303221  0.0215939449770512
0.2032 0.00500000039730412  0.00499999956392831  0.0215260620462979
0.204 0.00500000039980253  0.00499999955598114  0.0214582303899585
0.2048 0.00500000040217057  0.00499999954822298  0.0213903630675714
0.2056 0.00500000040221088  0.0049999995432068  0.0213222420381324
0.2064 0.00500000039176398  0.00499999955028414  0.0212538991897569
0.2072 0.00500000038035209  0.00499999955868963  0.0211854623572023
0.208 0.00500000036903656  0.00499999956707226  0.0211170751167195
0.2088 0.00500000035820453  0.00499999957493554  0.0210486452661806
0.2096 0.00500000034345619  0.00499999958743387  0.0209802118142947
0.2104 0.00500000032576051  0.00499999960364471  0.0209117085731816
0.2112 0.00500000030469697  0.00499999962384942  0.0208433059279859
0.212 0.00500000028411267  0.00499999964337503  0.0207749455818663
0.2128 0.00500000026449611  0.00499999966169185  0.0207065865176055
0.2136 0.00500000025192992  0.00499999967090419  0.0206380829828994
0.2144 0.005000000238873  0.00499999968062515  0.020569573079082
0.2152 0.00500000022034174  0.00499999969722913  0.0205011281602541
0.216 0.00500000020010755  0.00499999971586564  0.0204327500527392
0.2168 0.00500000017973788  0.00499999973445694  0.0203643726128775
0.2176 0.00500000015985117  0.00499999975236786  0.0202960127622656
0.2184 0.00500000013855124  0.00499999977237805  0.0202277629930153
0.2192 0.0050000001177697  0.00499999979162867  0.0201596064249724
0.22 0.00500000009661186  0.00499999981161264  0.020091443932911
0.2208 0.00500000007524565  0.00499999983213169  0.0200231839278777
0.2216 0.00500000005189666  0.00499999985713297  0.0199546197717503
0.2224 0.00500000002739884  0.00499999988516385  0.0198858895653643
0.2232 0.00500000000305642  0.00499999991288095  0.0198171977557522
0.224 0.00499999997867807  0.00499999994077987  0.0197485032137788
0.2248 0.00499999995456591  0.00499999996885188  0.0196798176970204
0.2256 0.00499999993071296  0.00499999999749346  0.0196109853669784
0.2264 0.00499999990783909  0.00500000002647148  0.0195422547501473
0.2272 0.00499999988571912  0.00500000005537774  0.0194735777558805
0.228 0.0049999998639011  0.00500000008421006  0.0194049321326091
0.2288 0.00499999984129649  0.00500000011357216  0.0193362441818414
0.2296 0.00499999981448769  0.00500000014598343  0.019267485272094
0.2304 0.00499999979232625  0.00500000017495986  0.0191987528397682
0.2312 0.00499999977315124  0.00500000020171804  0.0191301175474984
0.232 0.00499999975666642  0.00500000022629437  0.0190614883796344
0.2328 0.0049999997418947  0.00500000024943034  0.0189928290220379
0.2336 0.00499999972825808  0.00500000027159362  0.0189242533686068
0.2344 0.00499999971051319  0.00500000029795597  0.0188558494165324
0.2352 0.00499999969246977  0.00500000032464443  0.0187875461916601
0.236 0.00499999967418581  0.00500000035173008  0.0187191946975952
0.2368 0.00499999965244849  0.00500000038283521  0.0186506664196623
0.2376 0.00499999962452215  0.0050000004210393  0.0185819310862322
0.2384 0.00499999958698953  0.00500000047011865  0.0185131745957299
0.2392 0.00499999954714251  0.0050000005219436  0.018444473780409
0.24 0.00499999950559456  0.00500000057584435  0.0183757578040303
0.2408 0.00499999946578204  0.00500000062789611  0.0183068484285907
0.2416 0.00499999942713377  0.00500000067869877  0.0182379198202358
0.2424 0.00499999940095383  0.00500000071483985  0.0181690720780087
0.2432 0.00499999938097116  0.0050000007437738  0.0181003069987572
0.244 0.00499999936238234  0.00500000077117783  0.0180315824137335
0.2448 0.004999999343105  0.00500000079952832  0.0179629095196809
0.2456 0.00499999932861371  0.00500000082219748  0.0178943454855534
0.2464 0.00499999931141765  0.00500000084827384  0.0178258756301081
0.2472 0.0049999992935664  0.00500000087518391  0.0177574043248139
0.248 0.00499999927368065  0.00500000090484584  0.0176888400968265
0.2488 0.00499999926882766  0.00500000091605684  0.0176199643150932
0.2496 0.00499999925604071  0.00500000093743751  0.0175509160178531
0.2504 0.00499999924259605  0.00500000095978961  0.0174819109299189
0.2512 0.00499999922929722  0.00500000098204728  0.0174129190163813
0.252 0.00499999922162374  0.00500000099721821  0.0173438757973726
0.2528 0.00499999921083068  0.00500000101652805  0.0172748013344091
0.2536 0.00499999922003527  0.00500000101016904  0.017205897912558
0.2544 0.00499999923357583  0.00500000099826245  0.0171371689925953
0.2552 0.00499999924862665  0.00500000098470139  0.0170684946854315
0.256 0.00499999925763403  0.00500000097927291  0.0169997776929914
0.2568 0.00499999925061448  0.00500000099492806  0.0169310368677717
0.2576 0.00499999923843537  0.00500000101757198  0.0168623449773567
0.2584 0.00499999922620659  0.0050000010402958  0.0167937209540422
0.2592 0.00499999921754096  0.00500000105823298  0.0167250816137891
0.26 0.00499999921787781  0.00500000106398409  0.0166562484080359
0.2608 0.0049999992381511  0.00500000104263987  0.0165872084483161
0.2616 0.00499999925913999  0.0050000010202942  0.0165180844946521
0.2624 0.0049999992791838  0.00500000099915013  0.0164490213450616
0.2632 0.00499999929793081  0.0050000009797668  0.0163799280666719
0.264 0.00499999932601266  0.00500000094735175  0.0163107777512851
0.2648 0.00499999934726053  0.00500000092436941  0.0162416923004542
0.2656 0.00499999937382596  0.0050000008937817  0.0161728153619894
0.2664 0.0049999994037481  0.00500000085859175  0.0161040379031758
0.2672 0.0049999994336951  0.00500000082362944  0.0160353132724972
0.268 0.00499999945078586  0.00500000080729993  0.015966442777931
0.2688 0.00499999946341015  0.00500000079748223  0.0158976503349751
0.2696 0.00499999947164216  0.00500000079421132  0.0158289180117844
0.2704 0.00499999948306076  0.0050000007861825  0.0157602054212574
0.2712 0.00499999949762458  0.00500000077344624  0.0156914331731043
0.272 0.00499999952861355  0.00500000073532495  0.0156224012182694
0.2728 0.00499999956555905  0.00500000068783305  0.0155532228136838
0.2736 0.00499999960099549  0.0050000006425006  0.0154840891041567
0.2744 0.00499999963613322  0.00500000059736846  0.0154149524001788
0.2752 0.00499999967092218  0.00500000055255149  0.0153458078769838
0.276 0.00499999970680939  0.00500000050583129  0.0152764946932163
0.2768 0.00499999974860311  0.00500000044863579  0.0152072823804597
0.2776 0.00499999979282105  0.00500000038697671  0.0151381206444338
0.2784 0.00499999983726589  0.0050000003248861  0.0150689976213949
0.2792 0.0049999998801468  0.00500000026575033  0.0149998377326949
0.28 0.00499999991931381  0.00500000021373332  0.0149306595148859
0.2808 0.00499999995729512  0.00500000016408633  0.0148615434264047
0.2816 0.00499999999479011  0.00500000011501447  0.0147925038641109
0.2824 0.00500000003202789  0.00500000006566648  0.0147234525555013
0.2832 0.00500000006875875  0.00500000001624827  0.0146541623370232
0.284 0.00500000010522477  0.00499999996575275  0.0145846581779132
0.2848 0.00500000014232713  0.00499999991540646  0.0145150703257052
0.2856 0.00500000017937647  0.00499999986524292  0.0144455564302148
0.2864 0.00500000021628508  0.00499999981529521  0.0143760307601187
0.2872 0.00500000025220062  0.00499999976637271  0.0143063292351267
0.288 0.00500000028743321  0.00499999971841154  0.014236624367354
0.2888 0.00500000031698331  0.00499999967609546  0.0141670108819221
0.2896 0.00500000034448862  0.00499999963605655  0.0140974882688823
0.2904 0.00500000037077314  0.00499999959748772  0.0140279828051006
0.2912 0.00500000039543789  0.00499999956075705  0.0139585598440207
0.292 0.0050000004214521  0.00499999952259752  0.0138892187378335
0.2928 0.00500000045259828  0.00499999947878819  0.0138201061845359
0.2936 0.00500000048447184  0.00499999943417354  0.01375100160652
0.2944 0.00500000051278429  0.00499999939369354  0.013681906551428
0.2952 0.0050000005376268  0.00499999935730482  0.0136126824509638
0.296 0.0050000005551026  0.00499999932961063  0.0135435698307034
0.2968 0.00500000057116016  0.00499999930360197  0.0134745150130309
0.2976 0.00500000058969168  0.00499999927457603  0.0134054902985654
0.2984 0.00500000061203666  0.00499999924085245  0.0133364214281774
0.2992 0.00500000065157006  0.00499999918587417  0.0132672769188511
0.3 0.00500000067361838  0.00499999915281545  0.0131981580550846
