#
0.0008 -1.07308254567992e-10 -4.04486759068095e-11 -0.00167651733962502
0.0016 -3.5667589153534e-10 -1.47076678144955e-10 -0.0027879958540892
0.0024 -5.98065632467865e-10 -2.36824981995855e-10 -0.00389351528869055
0.0032 -1.20291029438761e-09 -2.04171193459864e-10 -0.00499312764309143
0.004 -1.45013428657554e-09 -1.27596624079888e-10 -0.0060884386619485
0.0048 -1.41588360809211e-09 -3.49345153979086e-10 -0.00718166706953364
0.0056 -1.44034473028358e-09 -7.6308224370676e-10 -0.00827596688663847
0.0064 -1.59113243073123e-09 -1.04400116808685e-09 -0.00937634977949807
0.0072 -1.86931026227104e-09 -1.14737633421527e-09 -0.0104928444504663
0.008 -2.42192538097979e-09 -1.12594895630384e-09 -0.0116760037613281
0.0088 -2.75068318817029e-09 -1.04550195136352e-09 -0.0127998653148823
0.0096 -2.47061974807052e-09 -8.10058714298348e-10 -0.0138897235321081
0.0104 -2.22187317314701e-09 -7.91823917035779e-10 -0.0149031582328259
0.0112 -2.11761289945388e-09 -6.32524111060321e-10 -0.0158997418479007
0.012 -2.03533537912717e-09 -4.01130128258e-10 -0.0168756757936118
0.0128 -2.01163331244716e-09 -9.72511427867999e-13 -0.0178393165988098
0.0136 -1.85327419305897e-09 4.61716781090894e-10 -0.0187947253696275
0.0144 -1.5446052217173e-09 8.10739208811001e-10 -0.0197499816090347
0.0152 -1.26751801159084e-09 1.05932071195979e-09 -0.0207058119949695
0.016 -1.05582169462677e-09 1.47525803992865e-09 -0.0216559211622859
0.0168 -7.83918005888132e-10 1.79228323355299e-09 -0.022595721204076
0.0176 -6.04198288431414e-10 2.0199613960818e-09 -0.0235186614110429
0.0184 -3.26753722746731e-10 2.24338385018875e-09 -0.0244429857767684
0.0192 -5.38186685123851e-11 2.46160046262657e-09 -0.0253796103321685
0.02 2.37805781555774e-10 2.70953298601767e-09 -0.0263864731623058
0.0208 1.6774504687842e-10 3.21471850747384e-09 -0.0274485408292459
0.0216 3.84781938043023e-10 3.48295062114696e-09 -0.0284513995252865
0.0224 7.06285633790249e-10 3.75328681187337e-09 -0.0293689199043928
0.0232 1.18902871204993e-09 4.13447575083449e-09 -0.0302830531293032
0.024 1.79605063712469e-09 4.75632592285892e-09 -0.0312515304470731
0.0248 2.03689360477219e-09 5.18778306538953e-09 -0.0321401492384194
0.0256 2.45536649631348e-09 5.71739690115207e-09 -0.0329678165348617
0.0264 2.92417354870494e-09 6.13375238816333e-09 -0.0337781679819962
0.0272 3.47397882157764e-09 6.51785422520143e-09 -0.0345971852048366
0.028 4.00140672061206e-09 6.75999197659671e-09 -0.0354169112122307
0.0288 4.54126033923415e-09 7.17313440238466e-09 -0.0362252101862216
0.0296 5.14921123604731e-09 7.75339202318047e-09 -0.0370372052404918
0.0304 5.87673271420283e-09 8.25228679855846e-09 -0.0378847420894442
0.0312 6.30681942470193e-09 9.27992703918742e-09 -0.0387779653869107
0.032 6.42533192744962e-09 9.29726546254239e-09 -0.0395285587760532
0.0328 6.84658269128158e-09 9.74967909850971e-09 -0.0403183733793192
0.0336 7.35005070747579e-09 1.14874990955036e-08 -0.0411764958893573
0.0344 7.5778447847909e-09 1.19703412933396e-08 -0.041936386646833
0.0352 7.83493437356142e-09 1.21579669422089e-08 -0.0426466243017527
0.036 8.01037368337335e-09 1.22632553171596e-08 -0.0433650182155788
0.0368 8.00940482463657e-09 1.20447208230779e-08 -0.0440821375778904
0.0376 8.13879555943317e-09 1.19462857610986e-08 -0.0447941496795236
0.0384 8.30205655492598e-09 1.17046281522022e-08 -0.0455451457797402
0.0392 7.23954369715586e-09 9.40373045988656e-09 -0.0464865584505189
0.04 6.83969465368712e-09 8.77557303141482e-09 -0.0472233651128266
0.0408 7.62321485335061e-09 1.05475753001993e-08 -0.0480479923299315
0.0416 8.39235922437015e-09 1.30575768509609e-08 -0.0486861399451511
0.0424 8.28626118390592e-09 1.31186630273559e-08 -0.049248703395332
0.0432 8.07412127396968e-09 1.26706720857704e-08 -0.0498757189614275
0.044 7.94185098346031e-09 1.26481422985861e-08 -0.0505027370870663
0.0448 7.84881043025456e-09 1.25939460533132e-08 -0.0511262959675815
0.0456 6.18718174388579e-09 9.28402208059936e-09 -0.0519062706315512
0.0464 4.12944817033782e-09 5.58632895300577e-09 -0.0526166906776183
0.0472 4.42983963160572e-09 6.59357627093019e-09 -0.0533179789202238
0.048 2.11721576586785e-09 2.52589430812992e-09 -0.053910678424354
0.0488 1.47591281456311e-09 1.27164370847122e-09 -0.0544415845124697
0.0496 1.00606292572235e-09 4.68675894712057e-10 -0.0550058450957235
0.0504 7.4314210471875e-10 4.16630697910784e-10 -0.0555516990435271
0.0512 8.5465259218627e-10 1.07597819815586e-09 -0.0561270871060448
0.052 4.35315444068254e-09 8.59745350206455e-09 -0.0569316559710285
0.0528 5.76159230696831e-09 1.25809640568493e-08 -0.0574364983076829
0.0536 5.55490479908756e-09 1.27480705443483e-08 -0.0580609834235241
0.0544 3.7043414012604e-09 9.90940554906809e-09 -0.0585288162622212
0.0552 2.94202277406425e-09 8.69379129683513e-09 -0.0589982463437906
0.056 2.85207654524961e-09 9.23198400177299e-09 -0.0594751038274577
0.0568 2.60723658471965e-09 9.36185385193419e-09 -0.0599391719898288
0.0576 1.62288626833153e-10 5.35406745608901e-09 -0.0606341280136229
0.0584 3.63118940316202e-09 1.41426507789174e-08 -0.0611134553492434
0.0592 3.68194001415613e-09 1.53954845358623e-08 -0.0616763186191197
0.06 1.81493927633448e-09 1.26034168507897e-08 -0.0620702738312509
0.0608 1.45214149413783e-09 1.24159108669911e-08 -0.0624771778820053
0.0616 7.73704435402218e-10 1.16793023512329e-08 -0.0629099700744377
0.0624 6.49586541473535e-10 1.22935436285779e-08 -0.0633731718885707
0.0632 -7.96378439037474e-09 -6.19388600440811e-09 -0.0640745947616825
0.064 -1.18515530498726e-08 -1.38896485882668e-08 -0.0644674147867471
0.0648 -7.59135238257246e-09 -1.47801442851243e-09 -0.0647940629398339
0.0656 -7.5138430927815e-09 6.69408868045206e-10 -0.0650413137773801
0.0664 -8.0712314690389e-09 1.43308417896884e-09 -0.0654033098863163
0.0672 -8.83903536424767e-09 1.15153561356346e-09 -0.0657771112803125
0.068 -1.1834358137082e-08 -6.35799545195922e-09 -0.0662540747145575
0.0688 -1.34188936745516e-08 -9.96997459400945e-09 -0.0667356298008627
0.0696 -1.36353126301403e-08 -8.79286535871492e-09 -0.0671249143537635
0.0704 -1.51008876881347e-08 -1.25131737279071e-08 -0.0674139003770522
0.0712 -1.5770092760639e-08 -1.34026626833111e-08 -0.067736133125895
0.072 -1.60717049978205e-08 -1.34587280943822e-08 -0.0680531903559415
0.0728 -1.66129516453152e-08 -1.43497601270183e-08 -0.0684999855835714
0.0736 -1.65311308085107e-08 -1.20146563702999e-08 -0.0688116413788855
0.0744 -1.64886761221623e-08 -4.24574601054016e-09 -0.0691546094027516
0.0752 -1.67057995277811e-08 -1.29194055399165e-09 -0.06939669958461
0.076 -1.72192054525189e-08 -2.48873477444706e-09 -0.0696550735680286
0.0768 -1.76641934780866e-08 -2.77880194828263e-09 -0.0699543917602143
0.0776 -1.78824797878233e-08 -4.0606265923797e-09 -0.0703718910824843
0.0784 -1.82668207117661e-08 -1.94856151612282e-09 -0.0706531810165702
0.0792 -2.16021067587902e-08 1.21519162528807e-08 -0.0709490199750361
0.08 -2.31467205557056e-08 1.80317935919492e-08 -0.0711497841310989
0.0808 -2.36644154428225e-08 1.87824551500191e-08 -0.071391259418544
0.0816 -2.40174159716195e-08 1.86890194620281e-08 -0.0716252008585421
0.0824 -2.43983081437879e-08 1.89175344125396e-08 -0.0721533944767962
0.0832 -2.04301904040323e-08 9.20398300409823e-09 -0.07248140211039
0.084 -1.61607760950492e-08 -4.88131555938032e-10 -0.0729162741060273
0.0848 -1.43863649525613e-08 -4.97874826874691e-09 -0.0729852439646795
0.0856 -1.50173246927337e-08 -4.47026338403498e-09 -0.0731971464083118
0.0864 -1.47505461061377e-08 -5.25684654975543e-09 -0.0734317527162476
0.0872 -2.00356115282743e-08 2.74972374469288e-09 -0.0738611651492952
0.088 -2.51194782504179e-08 1.03128379825962e-08 -0.0740256163536126
0.0888 -3.38701774593986e-08 2.29032405083771e-08 -0.0743002428979467
0.0896 -3.41866900381512e-08 2.34647297849433e-08 -0.0744350688357977
0.0904 -3.53819903259224e-08 2.5113950764844e-08 -0.0746209971569862
0.0912 -3.7005485109636e-08 2.7142863930132e-08 -0.0748963974039988
0.092 -3.65432242993888e-08 2.66812962997053e-08 -0.0752264163032191
0.0928 -3.90963103684788e-08 2.98321842864829e-08 -0.0754850226162807
0.0936 -4.84186711633124e-08 4.05587895446344e-08 -0.075402539131168
0.0944 -4.93024515964681e-08 4.15391654938715e-08 -0.0755094158554429
0.0952 -5.00588482968339e-08 4.2237249698602e-08 -0.0756406792765716
0.096 -4.12639069011964e-08 3.29601159744485e-08 -0.0758217597599499
0.0968 -4.062082241657e-08 3.27740578456661e-08 -0.0762154321278612
0.0976 -4.56025164749444e-08 3.82729064426471e-08 -0.0763963631077879
0.0984 -5.03530193576527e-08 4.33747374794556e-08 -0.0764035069261001
0.0992 -4.93954238755592e-08 4.23451238528038e-08 -0.0765262977680251
0.1 -5.2119351554789e-08 4.49886635339569e-08 -0.0767633357920561
0.1008 -5.08757657275421e-08 4.38687742681878e-08 -0.0770495868343431
0.1016 -7.53413707359727e-08 6.8022845226453e-08 -0.0772945062328843
0.1024 -8.01168071125346e-08 7.30502067111619e-08 -0.0773719907166407
0.1032 -7.674428508315e-08 6.99652882955123e-08 -0.0775083902153425
0.104 -7.38223403258953e-08 6.73611854295064e-08 -0.0776360847685127
0.1048 -9.36346387116534e-08 8.67825665914163e-08 -0.0779866296600502
0.1056 -8.37835922710923e-08 7.7358039256727e-08 -0.0780374431965766
0.1064 -7.83984880015222e-08 7.20477517486107e-08 -0.0779568822718866
0.1072 -7.29308245894582e-08 6.64786105357437e-08 -0.0780264512178188
0.108 -7.39968735337223e-08 6.75121766288488e-08 -0.0781886591032434
0.1088 -7.83527498628626e-08 7.18650805400088e-08 -0.0785221136076854
0.1096 -8.75783659771707e-08 8.07221561121346e-08 -0.0784436071165662
0.1104 -8.68322849771971e-08 8.00270511823186e-08 -0.078525383611707
0.1112 -8.03399160476783e-08 7.42118270899588e-08 -0.0785195105613519
0.112 -7.55774626852292e-08 6.96211806228562e-08 -0.0785958768632222
0.1128 -6.67931265502691e-08 6.11389622079943e-08 -0.0787020220081137
0.1136 -4.39102136031139e-08 3.9290737976599e-08 -0.0789787808172532
0.1144 -7.69334603100472e-08 7.10236886316657e-08 -0.0793420948525822
0.1152 -8.70579660675163e-08 8.12323837833524e-08 -0.0794135701729348
0.116 -7.8902997766033e-08 7.37995585083726e-08 -0.0795319919574299
0.1168 -7.08223540778872e-08 6.64233047685198e-08 -0.0796482489069995
0.1176 -7.37963439353678e-08 6.94090133416751e-08 -0.0798488030721883
0.1184 -1.27951968339315e-07 1.20489727261955e-07 -0.0798992837257446
0.1192 6.88179086298387e-09 -6.98352061673491e-09 -0.0798534262567704
0.12 4.99845111789031e-08 -4.78937186097557e-08 -0.0798666866115605
0.1208 5.36056391076583e-08 -5.15756757995277e-08 -0.0799230343859879
0.1216 9.35376828184365e-08 -8.92890583012148e-08 -0.0802970172217478
0.1224 5.24789333365687e-09 -5.67232594308403e-09 -0.0803469493454445
0.1232 -8.83868818837772e-08 8.29222250866755e-08 -0.0805276064306999
0.124 -1.01992785018634e-07 9.60529075940967e-08 -0.0805380044813748
0.1248 -1.07052468672046e-07 1.01018628055116e-07 -0.0806524413529381
0.1256 -1.00758384756878e-07 9.52999657770728e-08 -0.0810632793786462
0.1264 -3.45452497804196e-08 3.32377186058118e-08 -0.0812627089930005
0.1272 -4.9470714839408e-08 4.77198652420735e-08 -0.0813553118055845
0.128 -6.0637144058779e-08 5.85566040333277e-08 -0.0812595757982591
0.1288 -4.88215158374532e-08 4.76104726704167e-08 -0.0813045868494625
0.1296 -6.06405614928318e-09 7.33610638211166e-09 -0.081390975194722
0.1304 -4.87368490594926e-08 4.77754711704332e-08 -0.081371368816265
0.1312 -4.70742800883423e-09 6.15402969104048e-09 -0.0814652083466902
0.132 9.71276361921158e-08 -9.00971675287206e-08 -0.0813714561581647
0.1328 1.1707244471624e-07 -1.08945549564151e-07 -0.0813902983517892
0.1336 1.07264109969878e-07 -9.9552277194886e-08 -0.0815399086938532
0.1344 1.17791468817157e-07 -1.09548431736567e-07 -0.0817423592383856
0.1352 1.64716706572066e-07 -1.54128308848508e-07 -0.0815536577790885
0.136 1.84515193228293e-07 -1.72954283728663e-07 -0.0815435663185347
0.1368 1.7420475835814e-07 -1.63018256324968e-07 -0.0815792811608904
0.1376 1.79621358889906e-07 -1.68067289942602e-07 -0.0816326403962352
0.1384 1.97396316859456e-07 -1.84799117975853e-07 -0.0818512893290811
0.1392 1.50539616305334e-07 -1.39590194775432e-07 -0.0821480795713906
0.14 1.28490700916239e-07 -1.18203588822748e-07 -0.0821622803896621
0.1408 1.27717053894217e-07 -1.1731366733963e-07 -0.0822214077567925
0.1416 1.18027669415418e-07 -1.07854637654552e-07 -0.082302540412734
0.1424 8.82133444712391e-08 -7.86647513945544e-08 -0.0826857069666076
0.1432 6.68234857303892e-08 -5.7386863749644e-08 -0.0829913519064106
0.144 6.1569780759092e-08 -5.21356313428025e-08 -0.0829730348135767
0.1448 5.92077839377713e-08 -4.97190142834601e-08 -0.0830158230624979
0.1456 5.90335310818267e-08 -4.92802123596394e-08 -0.0830911187391689
0.1464 6.98535264156974e-08 -5.99952909501263e-08 -0.08358882886934
0.1472 7.77481661618968e-08 -6.76358238852045e-08 -0.0839157281335835
0.148 7.39460491252967e-08 -6.37083019814865e-08 -0.0838549637005718
0.1488 7.20423461892385e-08 -6.1687881830278e-08 -0.0838714528854142
0.1496 7.12715878308303e-08 -6.07003488059197e-08 -0.0839326143562874
0.1504 5.84497386280556e-08 -4.64812307935605e-08 -0.0842897931912827
0.1512 4.80284965977252e-08 -3.44886846452778e-08 -0.0845600748649805
0.152 4.39303845959851e-08 -2.99524185024937e-08 -0.084502910571601
0.1528 4.37464489191891e-08 -2.984306471893e-08 -0.0844933153482629
0.1536 4.3350306147774e-08 -2.97011516688414e-08 -0.0844776448814037
0.1544 4.53081670696492e-08 -3.24819663100365e-08 -0.0846215203681332
0.1552 4.6915782412713e-08 -3.49616532896506e-08 -0.0845207569097213
0.156 4.87752245706807e-08 -3.82135632382194e-08 -0.0844382944376628
0.1568 4.75316402934099e-08 -3.64988552125798e-08 -0.0844071070373555
0.1576 4.61357698241921e-08 -3.45229954244701e-08 -0.0845406460672577
0.1584 4.56866092888505e-08 -3.41092045468841e-08 -0.0846808700147217
0.1592 4.64656730731566e-08 -3.91106141418597e-08 -0.0845276673685855
0.16 4.58006181333149e-08 -3.97242033762286e-08 -0.0842604399886638
0.1608 4.5376916771489e-08 -4.00622002049063e-08 -0.0841851289826998
0.1616 4.50098155220497e-08 -3.89477443443562e-08 -0.0842915285870733
0.1624 4.64708475289109e-08 -3.42966971549732e-08 -0.0843631269622639
0.1632 4.30164398098428e-08 -3.57942716649003e-08 -0.0844770094121594
0.164 3.99283489223581e-08 -3.66760153047218e-08 -0.0842766391510879
0.1648 3.87781826654584e-08 -3.66334069205505e-08 -0.0842270494195079
0.1656 3.79289676143768e-08 -3.61343689306527e-08 -0.0842129809046784
0.1664 4.44579141017923e-08 -3.61924512071846e-08 -0.0843608543800922
0.1672 4.07035036820251e-08 -3.47254504643747e-08 -0.0843976970147459
0.168 3.36841457779006e-08 -3.26866513833519e-08 -0.0842566123019443
0.1688 3.08596288418329e-08 -3.15654517347832e-08 -0.084216658041088
0.1696 2.51053721006356e-08 -2.88765214798354e-08 -0.084217612488189
0.1704 3.05399593435449e-08 -3.07908102322296e-08 -0.0841339904462363
0.1712 2.89346243861543e-08 -2.96843089648539e-08 -0.0841027436397222
0.172 2.95740437976384e-08 -2.94772113659446e-08 -0.0840164751933108
0.1728 2.27879804465927e-08 -2.54839542442143e-08 -0.0840192807250657
0.1736 1.59539518635072e-08 -2.11995990788496e-08 -0.0841683729354311
0.1744 1.94368764303159e-08 -2.28673920205656e-08 -0.0840144615443707
0.1752 1.3186937273184e-08 -1.89190060396498e-08 -0.0839265565591231
0.176 1.19978302666844e-08 -1.77168432539941e-08 -0.0838457505762389
0.1768 9.0908047589852e-09 -1.54701518530703e-08 -0.0838814246558626
0.1776 -6.63953424286792e-10 -8.73135805781478e-09 -0.0840446357628423
0.1784 1.96112860930526e-09 -1.01835836398219e-08 -0.0838617866567623
0.1792 7.84834293019562e-09 -1.39943931312945e-08 -0.0838078447492966
0.18 9.87621171050762e-09 -1.50778125163582e-08 -0.0836704648776368
0.1808 7.91223198208696e-09 -1.33921113323698e-08 -0.0837150396807203
0.1816 9.31436712639625e-10 -8.13899016016095e-09 -0.0840252935918972
0.1824 -1.87357588427237e-08 6.33869893153772e-09 -0.0841814226840153
0.1832 -1.6747424583154e-08 5.19931972741802e-09 -0.0841865463736551
0.184 -1.63426226239291e-08 5.13164026595389e-09 -0.0840513037097882
0.1848 -1.48586214554648e-08 4.17602000262385e-09 -0.0840950370085503
0.1856 -1.41194112339397e-08 3.7897991711628e-09 -0.0844674095479835
0.1864 -2.73516094638775e-08 1.43438040451351e-08 -0.0846763713149461
0.1872 -2.70316858427071e-08 1.43621289058962e-08 -0.0849375039744183
0.188 -2.76080536692897e-08 1.51138252979076e-08 -0.0848700681037898
0.1888 -2.78413113966111e-08 1.55388960979567e-08 -0.0849153230151295
0.1896 -3.00571995176756e-08 1.75970520168823e-08 -0.0848789821310906
0.1904 -2.5224288331568e-08 1.38262013756359e-08 -0.0850984763629733
0.1912 -2.24512476592369e-09 -5.46220415171645e-09 -0.0851312398787499
0.192 2.17484996753501e-09 -9.08593720823569e-09 -0.0850740831229367
0.1928 4.15791366859175e-09 -1.07246339564463e-08 -0.0850541772474381
0.1936 1.12668972555643e-10 -6.96641684801082e-09 -0.0853904233929548
0.1944 7.88322130597293e-09 -1.42099998945843e-08 -0.0854095801674104
0.1952 4.35445843865291e-09 -1.103658832018e-08 -0.085141480560551
0.196 7.07012561621081e-10 -7.85824818082239e-09 -0.0850016950085082
0.1968 1.00804449348028e-09 -8.40736119503248e-09 -0.0849242654146427
0.1976 7.80973660865459e-09 -1.51307442687134e-08 -0.0851517879251059
0.1984 6.16639407866512e-09 -1.34325244519686e-08 -0.0850579975200312
0.1992 8.78918883357366e-09 -1.59799471187398e-08 -0.0850367211777159
0.2 5.6684351207244e-09 -1.27827126984035e-08 -0.0849911512632156
0.2008 1.13429475250181e-09 -7.95971101431203e-09 -0.0849819613733156
0.2016 -6.88776937756084e-10 -5.89651518494901e-09 -0.0850617173335839
0.2024 2.0613237284823e-09 -8.98619190240267e-09 -0.0849844023089084
0.2032 3.88683363620943e-09 -1.07462382614138e-08 -0.0848278144762673
0.204 3.99531611870768e-09 -1.08799809472099e-08 -0.0848222138693218
0.2048 3.01744241133401e-09 -9.7211701389054e-09 -0.0848505423034648
0.2056 -5.31136769806874e-09 -1.53092016928681e-10 -0.0853305760162389
0.2064 -1.73595949836357e-08 1.380820468262e-08 -0.085584371805661
0.2072 -1.39996114922351e-08 1.02706504662466e-08 -0.085511227908903
0.208 -1.47537718192517e-08 1.12344658826088e-08 -0.0855175185987115
0.2088 -1.50554475802638e-08 1.16307509052722e-08 -0.0855108204309055
0.2096 -1.82945762774495e-08 1.54923260903512e-08 -0.085657474276067
0.2104 -2.31928336491959e-08 2.15512053423485e-08 -0.0855587346613501
0.2112 -2.66191803344022e-08 2.55488032570027e-08 -0.0854944137750142
0.212 -2.52973622521494e-08 2.38929738317378e-08 -0.0854540992718056
0.2128 -2.33728924087029e-08 2.14115192695063e-08 -0.0855660342892237
0.2136 -1.41247640230595e-08 9.44704452976635e-09 -0.0856270054090739
0.2144 -2.01557414076358e-08 1.70626222227947e-08 -0.0857339973304923
0.2152 -2.38518092040798e-08 2.15296266067359e-08 -0.0855338604680966
0.216 -2.54550209465228e-08 2.34335112169712e-08 -0.0854680421718854
0.2168 -2.66969961349224e-08 2.50173325035933e-08 -0.0855589129769567
0.2176 -2.45295881533486e-08 2.183682077883e-08 -0.085412835494633
0.2184 -2.59866229675681e-08 2.39938323608948e-08 -0.0852975345623831
0.2192 -2.63129255004678e-08 2.4618439574464e-08 -0.0851992588197445
0.22 -2.68161728849139e-08 2.57196654031063e-08 -0.085226226240877
0.2208 -2.70928713456559e-08 2.64862924584449e-08 -0.0855759169210729
0.2216 -2.94318971813499e-08 3.17983713942236e-08 -0.0857491875631962
0.2224 -3.0488278859282e-08 3.47308804220895e-08 -0.0859508416625731
0.2232 -3.04691646122351e-08 3.47400859579419e-08 -0.0858632987881553
0.224 -3.04865718606557e-08 3.48463867439946e-08 -0.0858882652279918
0.2248 -2.9875227093552e-08 3.54675818157837e-08 -0.0858611357455018
0.2256 -2.87983068664777e-08 3.60596166754443e-08 -0.0860661436813517
0.2264 -2.83696078496626e-08 3.62124629040617e-08 -0.0858939446294891
0.2272 -2.73773591780306e-08 3.6073747792694e-08 -0.0858476369362151
0.228 -2.73692031969012e-08 3.60799560529361e-08 -0.085790225375303
0.2288 -3.02615067999404e-08 3.8074912767072e-08 -0.08601729228808
0.2296 -3.59260237850847e-08 4.23796049193082e-08 -0.0860275717540419
0.2304 -2.61864935486716e-08 3.51005982361583e-08 -0.0858687013472987
0.2312 -2.27748608213465e-08 3.24863181876539e-08 -0.0858062909807267
0.232 -2.03187368623187e-08 3.05069148553571e-08 -0.0857888692972943
0.2328 -1.7797136782525e-08 2.83609496984008e-08 -0.0858355997441682
0.2336 -1.66153321302122e-08 2.7323408246483e-08 -0.0857761109599302
0.2344 -2.27138521803033e-08 3.34965381998314e-08 -0.0854433163080186
0.2352 -2.31103725818795e-08 3.39611105396657e-08 -0.0854124471699792
0.236 -2.34000408310321e-08 3.45078018222734e-08 -0.0854617866245644
0.2368 -2.89944678745338e-08 4.09444733924405e-08 -0.0858117221036465
0.2376 -4.27008351560526e-08 5.6469883624594e-08 -0.0859662129506911
0.2384 -4.75737771830895e-08 6.21377219833953e-08 -0.0859204932053124
0.2392 -5.07724830716841e-08 6.5938572868496e-08 -0.0858811458587035
0.24 -5.36618166368305e-08 6.94103553592472e-08 -0.0860141601200216
0.2408 -5.2643726699627e-08 6.8480340838191e-08 -0.0861528653180435
0.2416 -3.97320594243667e-08 5.34127342105323e-08 -0.0862491877300263
0.2424 -2.82261166989453e-08 3.98561549671141e-08 -0.0860251434954047
0.2432 -2.49869125796376e-08 3.62474932602485e-08 -0.0859501313706898
0.244 -1.59149170830311e-08 2.54325597103874e-08 -0.0859225939119179
0.2448 -2.57322331841828e-08 3.7449683865651e-08 -0.0858071168253407
0.2456 -2.13048827388025e-08 3.2275611659024e-08 -0.0856900138330931
0.2464 -2.01978768589057e-08 3.09910406707243e-08 -0.0855905156068305
0.2472 -2.28485182173045e-08 3.43467295831139e-08 -0.0856096076257091
0.248 -2.33151764826833e-08 3.52448605781148e-08 -0.0859594676340599
0.2488 -5.37935667339267e-09 1.32137829875152e-08 -0.0861474411882771
0.2496 -1.70036781774678e-08 2.80655543655315e-08 -0.0863448712517619
0.2504 -1.67066244981362e-08 2.78367601954258e-08 -0.0862486520150485
0.2512 -1.70644413168414e-08 2.84199995091116e-08 -0.0862517660482455
0.252 6.79507692655689e-10 5.87026391498898e-09 -0.0864258448421376
0.2528 5.57814496358532e-09 -3.74770887889003e-10 -0.0863224650054023
0.2536 1.23078705088163e-08 -9.00498335982501e-09 -0.0860502244284361
0.2544 1.93943891935531e-08 -1.79997223396096e-08 -0.0859055377783276
0.2552 1.77590400262936e-08 -1.54797580462252e-08 -0.0858235871687144
0.256 -4.30276020362712e-10 8.5903729183225e-09 -0.0860491505085268
0.2568 -8.07032157412817e-09 1.86840552188482e-08 -0.0858860138705616
0.2576 -1.5592312601929e-08 2.8805266554533e-08 -0.0858381641214251
0.2584 -1.38958700283955e-08 2.65322722451202e-08 -0.0858045432230031
0.2592 -1.05835984756539e-08 2.2079126065085e-08 -0.0858051632193871
0.26 1.14090342548393e-08 -7.72852316106457e-09 -0.0862176273168752
0.2608 3.22837222399602e-08 -3.61293467023613e-08 -0.0864512696862517
0.2616 2.53349622910686e-08 -2.67641880634547e-08 -0.0863644257522113
0.2624 2.57095655250176e-08 -2.73529902024401e-08 -0.0863546503680194
0.2632 2.643444469615e-08 -2.84628164584224e-08 -0.0863531506932348
0.264 2.61009941190646e-08 -2.79656715323399e-08 -0.0864751149099464
0.2648 3.35567101699175e-08 -3.86614691347471e-08 -0.0863324456880567
0.2656 3.59606533590298e-08 -4.21510089171547e-08 -0.0860568868846656
0.2664 3.67863467684893e-08 -4.30106197525774e-08 -0.0859717772515687
0.2672 3.66152070724825e-08 -4.25104071593604e-08 -0.0859451192543298
0.268 1.67061320646561e-08 -1.3676215144451e-08 -0.086074288381877
0.2688 1.24204314059485e-08 -7.27078734301882e-09 -0.0860186449282582
0.2696 9.69512855591994e-09 -3.19838550795139e-09 -0.0859112321544745
0.2704 1.67601525337845e-08 -1.37840564307247e-08 -0.0859043022324491
0.2712 2.34197936658223e-08 -2.39753377113438e-08 -0.0861825463526244
0.272 4.00545344216407e-08 -4.97408727301372e-08 -0.0863224187212324
0.2728 4.51006849396357e-08 -5.77790166786182e-08 -0.0865063895172029
0.2736 4.40668490778028e-08 -5.63761456605569e-08 -0.0864159642336448
0.2744 4.33473435179745e-08 -5.55874314873477e-08 -0.0864405570944994
0.2752 4.26568847163322e-08 -5.4742122618486e-08 -0.0864682453309108
0.276 5.06865398641169e-08 -6.85117040788681e-08 -0.086667647252876
0.2768 5.30136662478956e-08 -7.298750747679e-08 -0.0864970204317693
0.2776 5.59327442338541e-08 -7.8338977167031e-08 -0.0864538255179768
0.2784 5.50705488548343e-08 -7.67769269585562e-08 -0.0863792893028676
0.2792 5.10801058631475e-08 -6.89283348877006e-08 -0.0865999641099678
0.28 4.8756114029923e-08 -6.48643850244947e-08 -0.0864268865831847
0.2808 4.71880510924662e-08 -6.16194253013507e-08 -0.0863612159287116
0.2816 4.67770862201706e-08 -6.14294252497412e-08 -0.086321122662098
0.2824 4.63602798405794e-08 -6.15144775654607e-08 -0.086317907549885
0.2832 4.52906879507118e-08 -6.23658100653292e-08 -0.0867843088493541
0.284 4.62068791869693e-08 -6.30668302507804e-08 -0.0870161889222842
0.2848 4.62285443242793e-08 -6.27196680541996e-08 -0.0869399528662667
0.2856 4.6019186906615e-08 -6.24495728541919e-08 -0.0868986890972954
0.2864 4.66989479792863e-08 -6.27740307415085e-08 -0.0870167435259363
0.2872 4.60366199431085e-08 -6.20474781101636e-08 -0.0871338707502139
0.288 3.994862730505e-08 -5.59950153803646e-08 -0.0872142390549621
0.2888 3.62638512693788e-08 -5.21150272681809e-08 -0.0869811632743208
0.2896 3.36445015290442e-08 -4.91989419208701e-08 -0.0868839812547885
0.2904 2.90693511321542e-08 -4.40565341314035e-08 -0.0869519410332005
0.2912 3.17217663789531e-08 -4.68552567124601e-08 -0.086729032756488
0.292 3.62086334353011e-08 -5.17719024796258e-08 -0.086587712353708
0.2928 3.90776925926825e-08 -5.48726726051212e-08 -0.0863846832332652
0.2936 3.98554844557448e-08 -5.57878011257045e-08 -0.0864106927507122
0.2944 3.39234691033595e-08 -4.88728054760363e-08 -0.0863688936248603
0.2952 2.29499176597581e-08 -3.58616072405724e-08 -0.0865524013478778
0.296 2.07390994073673e-08 -3.33076752974941e-08 -0.0863699620478608
0.2968 2.12753222386539e-08 -3.39585067935793e-08 -0.0863233405927696
0.2976 2.38262142764331e-08 -3.70700898657028e-08 -0.0862668956231988
0.2984 3.63166515940293e-08 -5.24796321977381e-08 -0.0864963867678336
0.2992 5.88224566043586e-08 -8.03956077677637e-08 -0.0865099063067945
0.3 2.15931178606897e-08 -3.38185905371345e-08 -0.086353795473583
