#
0.005 0.00499999999937177  0.00500000000056771  0.034958269701736
0.01 0.00499999999284619  0.00500000000597558  0.0348778425406594
0.015 0.00499999994551112  0.00500000002069221  0.0347635365750008
0.02 0.00499999985476183  0.00500000003184667  0.0346197935749178
0.025 0.00499999975881712  0.00500000003067425  0.0344523501819482
0.03 0.00499999966116293  0.00500000001790382  0.034266813103325
0.035 0.0049999995635222  0.00499999999947092  0.0340680291223961
0.04 0.00499999946542108  0.00499999997345431  0.0338599839851464
0.045 0.0049999993782657  0.00499999994148627  0.0336456748529563
0.05 0.00499999929168017  0.00499999990193577  0.0334273507651609
0.055 0.00499999924166092  0.00499999986346308  0.0332063240663
0.06 0.00499999915753573  0.00499999981470559  0.0329833139825037
0.065 0.00499999905833497  0.0049999997605605  0.0327592176392411
0.07 0.00499999896467095  0.00499999970713064  0.032534191426029
0.075 0.00499999886036207  0.00499999965145836  0.032308382016593
0.08 0.00499999875648546  0.00499999959729453  0.0320824412250599
0.085 0.00499999863394406  0.00499999953812993  0.0318559792255469
0.09 0.0049999985106155  0.00499999947864224  0.0316292349162493
0.095 0.00499999838387279  0.00499999941810011  0.0314024571503153
0.1 0.00499999825939566  0.00499999936006461  0.0311753593133216
0.105 0.0049999981455737  0.00499999930688473  0.0309481448452429
0.11 0.0049999980449108  0.00499999925965212  0.0307209081354174
0.115 0.00499999796177078  0.00499999921895741  0.0304933871816619
0.12 0.00499999787022385  0.00499999917514392  0.0302658990937608
0.125 0.00499999780444872  0.00499999914197817  0.0300383613200078
0.13 0.00499999771435114  0.00499999909918266  0.0298105056054468
0.135 0.00499999767016786  0.00499999907619943  0.0295828460849117
0.14 0.00499999760485081  0.00499999904575003  0.0293549482423213
0.145 0.00499999757295205  0.00499999903025378  0.0291269532819075
0.15 0.00499999753099986  0.00499999901281764  0.0288990156145391
0.155 0.0049999975207413  0.00499999901019686  0.028670888552622
0.16 0.00499999749761929  0.00499999900464655  0.0284427585018985
0.165 0.00499999751985338  0.00499999901969677  0.028214658198545
0.17 0.00499999752861069  0.00499999903130519  0.0279863868333214
0.175 0.0049999975158646  0.00499999903822707  0.0277582364560688
0.18 0.00499999751985809  0.00499999905541382  0.0275299730732691
0.185 0.00499999749254478  0.00499999906450657  0.0273015487690206
0.19 0.00499999749062842  0.00499999908902859  0.0270732953350893
0.195 0.00499999750537342  0.00499999912356915  0.0268448914410628
0.2 0.00499999746567702  0.00499999914539091  0.0266163989574141
0.205 0.00499999752406742  0.00499999920226174  0.0263880704771079
0.21 0.00499999750201852  0.00499999923353065  0.0261595098841437
0.215 0.00499999747449565  0.00499999926744266  0.0259310581763144
0.22 0.00499999746039088  0.00499999930583255  0.0257026130600524
0.225 0.00499999740664173  0.00499999933680379  0.0254738876593175
0.23 0.00499999741328096  0.00499999938251271  0.0252454542374885
0.235 0.00499999737982917  0.00499999941626872  0.0250168486748018
0.24 0.00499999729169013  0.00499999943682357  0.0247881670059255
0.245 0.00499999725181866  0.00499999946162801  0.0245596791075857
0.25 0.00499999716092567  0.00499999947302538  0.0243308987550481
0.255 0.00499999709865314  0.00499999948455023  0.0241023154489072
0.26 0.00499999705176447  0.00499999949422246  0.0238736331647059
0.265 0.0049999969680528  0.00499999949501946  0.0236448284769693
0.27 0.00499999689952902  0.00499999949495108  0.0234162698183074
0.275 0.00499999680236144  0.00499999948728666  0.0231875222329055
0.28 0.00499999677767105  0.00499999948831855  0.0229587291008296
0.285 0.00499999673182464  0.00499999948524931  0.0227300543904756
0.29 0.00499999666425165  0.00499999948102716  0.0225012053244262
0.295 0.00499999658980875  0.00499999947587801  0.0222725162766453
0.3 0.00499999650901942  0.00499999947290467  0.0220438043758292
