#
0.005 -6.61264932854499e-10 7.37641621764726e-11 -0.0123881590453552
0.01 -3.35546447075335e-09 1.72694564309614e-09 -0.0196882367794278
0.015 -1.50070760021198e-08 3.21721977120985e-09 -0.025962942465169
0.02 -1.82850492252056e-08 1.01071114019493e-09 -0.0312073049525583
0.025 -1.90489906095171e-08 -1.46715634109692e-09 -0.0353824604387441
0.03 -1.82141998399367e-08 -3.11213192555536e-09 -0.0385057702222074
0.035 -1.92861879453388e-08 -4.62820525070393e-09 -0.0408134747582924
0.04 -2.03398958341156e-08 -6.18057918807184e-09 -0.0424061663021086
0.045 -1.95997244724974e-08 -7.18829892649176e-09 -0.0433354325956312
0.05 -1.19069057343839e-08 -7.59913900764853e-09 -0.04389495594105
0.055 -1.67417225737468e-08 -9.14420166820047e-09 -0.0444577818886332
0.06 -1.92849054409334e-08 -1.04063308659333e-08 -0.0447517733643847
0.065 -1.48613621193971e-08 -9.81822317641899e-09 -0.0448337966914582
0.07 -1.66711612931316e-08 -9.96266884581939e-09 -0.0451306050438163
0.075 -2.8582753917523e-08 -1.34194668031898e-08 -0.0451722078942593
0.08 -1.74889121225668e-08 -9.58426763749036e-09 -0.0451851656292504
0.085 -2.64250773527888e-08 -1.23552937951383e-08 -0.0454284170156967
0.09 -2.76567837604475e-08 -1.29626085087106e-08 -0.0452924902405396
0.095 -1.71925933512379e-08 -9.10005064507458e-09 -0.0453878523724329
0.1 -3.83527256745355e-08 -1.64293499829574e-08 -0.0455322082995971
0.105 -2.46501669051627e-08 -1.13779809913738e-08 -0.0453349085674782
0.11 -2.13703361480038e-08 -9.94575387581565e-09 -0.0454611260989682
0.115 -3.19490193291917e-08 -1.42557849088861e-08 -0.0455942706891618
0.12 -8.25848533004862e-09 -4.62498467180346e-09 -0.0454280147648494
0.125 -1.6515549111691e-08 -7.9712019827547e-09 -0.0455664953028329
0.13 -2.30051190340521e-08 -1.03252396433711e-08 -0.045574307134443
0.135 4.1610320856839e-09 7.28697263349603e-10 -0.0454867144005955
0.14 -1.46724202966644e-08 -6.60594591039328e-09 -0.0457021217097886
0.145 -1.86480017485328e-08 -7.80482474542643e-09 -0.0455102257210061
0.15 -8.87972997757726e-10 -2.15162516715265e-10 -0.0456066407182486
0.155 -3.57683223001446e-09 -8.60603880590549e-10 -0.0457041894361006
0.16 8.31285096298233e-10 1.20496412532178e-09 -0.0455213669185062
0.165 2.62922746954606e-08 1.1904740395243e-08 -0.0456355357123011
0.17 -3.11310260107428e-08 -1.03310826653728e-08 -0.0457005164114121
0.175 9.5039812679876e-09 6.30961147714268e-09 -0.0455540687903132
0.18 6.26660814790615e-09 6.00829931065182e-09 -0.0457060078228327
0.185 -1.61878001861056e-08 -1.61073043697286e-09 -0.045629966071703
0.19 3.44281100941264e-08 1.80653281329714e-08 -0.0456326274970309
0.195 -9.68145694664876e-09 3.02863362166279e-09 -0.0458421682433586
0.2 -1.65949130240319e-08 1.97757689079325e-09 -0.0455712619343883
0.205 -5.76267620019108e-09 5.68648367142442e-09 -0.04568586959273
0.21 -2.28624431845535e-08 1.25055605445368e-09 -0.0457918299389459
0.215 7.53311815617324e-09 1.05514313234965e-08 -0.0456136191794025
0.22 -5.85785527509678e-09 7.05846751196343e-09 -0.0457552872322184
0.225 -2.43096520913821e-08 2.84966124490251e-09 -0.0457042496045898
0.23 1.02244218235365e-08 1.09836187326897e-08 -0.0456673347880146
0.235 -1.64862762860911e-08 4.68795057646913e-09 -0.0458790474105492
0.24 -8.25538873786003e-09 5.44987465142619e-09 -0.0456296898748652
0.245 -9.93061419431775e-09 4.1215636764877e-09 -0.0457125506555774
0.25 -3.05826700204531e-08 -3.9674858350295e-10 -0.0458372699904878
0.255 -1.31693800826447e-08 1.51637366949793e-09 -0.0456496517348109
0.26 -1.13549180115849e-08 1.33066492153771e-09 -0.0457835782023905
0.265 -2.87366380450522e-08 -2.13791039729688e-09 -0.0457603103826878
0.27 3.61824715036027e-09 2.43108179660116e-09 -0.0456588471961885
0.275 -2.24568763358294e-08 -2.21619243124723e-09 -0.0458709451087995
0.28 -1.8880871772477e-08 -2.25812503397814e-09 -0.0456571717382427
0.285 2.57968136999375e-09 1.42775663848658e-09 -0.0457603836187055
0.29 -3.61372490547688e-08 -4.25474849050995e-09 -0.0458513152204415
0.295 9.50320111256591e-10 1.3444805341892e-09 -0.0456486958872452
0.3 -2.4349379389074e-08 -1.37202985728161e-09 -0.0457757786343763
